18574197
22685937
26735300
13966458
15153856
16631544
19784803
12739829
14143937
135898647
147249200
13292948
14532485
20380915
11348991
8269263
13901961
11882136
92878196
16250133
14333712
14380675
10149874
11648150
10581364
7223336
17015461
18920585
20997813
13931362
22591331
14511741
12856504
11787171
11637956
8049756
8969727
11660810
13538641
8366469
9391710
10152679
18196608
20750119
21188755
16082507
9629072
7658499
8297014
8274147
9034362
56235352
53804189
8844684
7143888
5513534
9764960
7215950
25328021
73638164
77768684
79252478
78922145
73148325
66653872
82015031
79294685
78817795
79741925
84705475
89254065
88937044
39222322
5033972
5082671
6671646
7964650
6305800
5240110
5399918
4867513
5911078
7814650
4845509
5093682
4879733
4379500
4911076
6677114
5441261
3922830
3881430
3904714
4350025
5219885
3190827
3638054
3448773
3725725
4081327
5662494
3911567
4090899
3839801
3455220
4600793
5440616
5746969
5798615
6507089
15737356
24311960
16189133
2913168
3056060
2865475
3873429
7608195
3234463
3556986
2538101
5840783
7555814
30727857
11511398
14561130
4314916
6561565
10553600
7193544
15949818
11663535
6889889
6947402
8510397
4491518
20071009
6236276
14468829
12120366
5698656
8528608
8133471
6655460
15544620
11981893
8687158
10490769
9363749
8892770
10127019
6745001
16376610
11711190
9247472
187582474
457437973
458366698
213749172
83857803
83709516
65115824
81851370
35129627
29762910
20203774
22077996
46420680
29104790
51371023
59192358
55314243
52733397
69889901
60348963
38583364
49773611
68482741
124789556
312341436
243268536
335720649
320938803
315013846
318268328
314528004
327642753
251288429
360123031
401985522
295512529
92473129
13291743
14050204
29961065
20535195
30927370
17442991
16231482
14916733
18425123
31662199
66288705
63248354
507628877
409184833
264131515
161385953
201643095
166003283
299358143
236098891
184582390
132958245
145459994
184153949
85604147
67442946
262917652
323234020
240821310
261002547
203744706
309195646
188371679
192248044
268271467
281983148
281223450
238411528
235082929
234715891
250359681
291645495
251226063
192219671
170431366
204362095
349669283
182584090
171979709
660888075
455379193
653578714
255284264
304648830
238649574
223389655
258760100
110681254
23959395
150381375
210288696
198397973
172635768
122648966
130130294
119161831
76914949
6763182
7775406
11237697
9135557
7317260
12014427
18903369
11239552
8775093
11678654
9095541
9911806
17858963
11537588
10266971
17938221
6040125
8876560
8397567
10563379
10335619
12195402
9403698
9753611
8202482
7134694
6410994
8490138
8039950
9317582
9988973
9507631
7003845
10106276
6829338
7296839
6604402
6203165
232554729
36524131
8864110
12457924
7526854
8887748
19077487
23712956
8571090
76513206
29809474
6608312
8769453
9620534
9953432
6954076
13414198
126177124
193721598
201709330
200969261
188156696
191785477
191397482
195097257
192410339
197507540
193479918
186847197
164136233
183778002
181147240
187120635
195063425
196153050
189361014
174093325
75123562
6279907
6417703
24098294
5923372
6231408
7476759
6064867
6952760
7085806
6355735
6220326
7363351
6006377
5921325
5125125
5293411
5368544
5988077
5688934
4123043
3899089
3520633
3464623
5139276
3598069
4358593
5005359
7671649
5744711
6995721
11564253
5542263
5225680
5124028
5544285
7992886
5237434
5809885
6264489
6305890
4947653
7224146
4749235
5394661
5096335
5600361
5290857
7415864
6038235
5901285
5112332
5145854
5172008
6233375
5529148
5920177
5532012
6039646
5001977
6375331
6501992
6038608
6291680
6278270
6301539
7475624
5166312
4966667
13199005
5815508
7526782
9234120
7430887
8228759
7524354
9115409
9131661
9194192
7698265
15188487
19798753
36528520
32291425
59987312
40964739
50277610
13854586
27235905
42768078
26227933
70629838
41718844
30847343
25510070
18839187
28563728
26264591
10051117
28428163
18500530
9576950
9068397
8395092
6875677
42527056
11145864
7386879
9208864
8610404
8710912
14369608
8943528
8210120
9327104
23585475
54136635
15467883
21782327
17538526
34122692
8107705
8707034
35009992
12131219
41006932
55039247
39045418
28589165
56785225
69994384
50840581
48176010
42020932
46464414
23022478
20920718
24187738
28166527
19735620
16786661
16516717
18806927
13693997
13115926
16315766
14356639
11853888
11517909
16072790
93439904
169759903
78819205
67994761
94988390
44657092
36638964
70405724
93250041
95180903
95464920
56678639
24048812
94720490
106196014
99625870
66194374
42166939
75877171
126761335
105291047
111970306
61382178
40529262
122808637
42593963
106174715
54073431
51644611
156509712
44121576
113789310
40672420
31766014
19364151
61250253
226935332
39527015
38325608
12426521
151837099
101233004
24583180
15911109
21837775
29293976
58994196
126349337
75246115
101809414
27798668
72170178
12306143
9666372
11072481
28437356
27847634
37690540
64587543
62068153
56960915
44798754
34115371
21915556
23041194
20324827
19677057
9069481
100537384
186076972
191954120
199197051
195602781
180211381
189277229
66171999
8225257
9542539
17878349
12380034
14192035
14918112
11513269
8892536
10432263
10591316
9240462
11153642
10495083
14442796
12064150
109409572
198183724
172118442
163065061
180084822
175845160
181348838
191732112
183777430
189705613
374375703
238651141
188287569
194936694
192823793
195077265
205405520
190694842
195173426
262825439
78739139
16263473
13489226
13284864
8488581
7087299
7519641
6332893
7508279
9823748
7491722
5426625
4883398
7158556
5581431
18124064
6480163
5874946
5042923
4818671
5885799
6905514
5802801
12105758
3780621
4537335
5229444
9016846
7427804
7293700
6051496
5878495
6495139
7868491
6473296
15195250
6347595
12233365
15683959
10577345
20456950
7649239
10958811
7266224
8279000
10065050
6580276
15996225
8009286
15500547
11569154
11269280
14689524
7966395
13940830
7142145
6759839
11272610
8538533
13929636
7218040
6536738
10226117
11377058
7875962
9010675
7240742
6211712
7845791
11813748
9794665
9334817
12003142
8475255
8647671
11341623
8405626
10382354
12400129
7755945
9119354
8089400
12537429
9075571
8929303
8948964
9197662
9209717
13938585
22766170
16960668
18033806
18368048
30609817
20706063
19942366
21188509
26718785
16294989
16799859
17395007
36511128
19086143
22939888
16683461
31310030
19784695
14165578
13620599
21081306
24442195
22904079
22265253
21146560
19055975
18678300
17742441
18065320
22172710
24104195
20136664
18439683
17090228
21837962
18815662
15548482
15878787
19644173
22090961
25986057
18016997
22124882
27320613
19215295
18545534
18748763
21936271
20901723
20604988
16102745
18721141
23795031
24470199
18243698
18607199
18022599
20658586
13880456
21780387
19310958
20722173
14641659
14697816
17908292
25061107
25181801
20694544
17717451
28746683
21666273
21218911
23396360
20631922
22836773
18194351
20568395
30147718
26110213
29044018
34008780
41296270
40142332
24754403
19719439
21539022
24506595
40248587
26505785
34402443
22101286
32458241
29775958
29928812
61992429
26294996
25882723
33577379
36265577
31122670
52934615
46920325
35048136
31666490
20904250
34723193
31908446
24972434
24057903
26725605
34385411
25316416
34904193
37901131
34849411
36608912
39204430
52573660
40807001
39156946
47327005
48163755
39676382
33662921
43543644
34116783
43432718
39961036
46476954
55978640
49111337
50217275
56590764
34043709
56779534
129664869
135170459
117262691
124926192
125262007
119277651
105224754
100486891
139910106
136123650
125704960
91965061
83272296
90600698
109935251
109533550
108388365
121543508
155559220
126017576
106094916
106057648
106998822
137823965
162226426
146630503
96398810
48352306
39857705
35449246
43859734
56871284
45549101
49390102
53562158
64185257
60887069
55969305
58334786
61612697
50460872
44662602
48108999
45062806
42087986
44936954
40068488
43450544
35112105
41512111
38646634
30388843
32057941
44396329
178370891
135296976
79982145
110103769
119929999
100782024
103160278
100320828
115064926
196677088
169929845
21793011
91938846
176199487
182326345
147456176
177894486
174292786
177709266
214910767
136188026
254595956
358844954
306878574
345228372
191526530
169095033
159174202
162059033
175289857
173988028
186725020
190423357
183040695
168780740
183566367
170887920
148295487
151736854
155169707
141553171
27646406
7093801
4904060
5932515
4797038
5886170
5226322
4602624
6843654
5352754
4314693
9059202
7176416
6887587
6265164
12679915
14146501
21620359
14689883
11685300
18191458
12392850
8292333
15336708
12511836
9942497
6501991
7440396
4519143
4396722
4345346
11790407
10139009
7463938
7298710
9957192
10003658
10365622
7866863
10058921
11051228
10978316
9749721
7495903
8298230
6870382
7601007
8564573
8749053
12600091
38008430
25849248
9688801
7295973
8433785
9301163
20937652
33847367
33737008
18897754
15056673
10607980
7755714
13329406
10956823
10978809
9599318
16847531
18886810
22612135
16043222
18614119
23433106
27427414
25433353
26934811
20015558
23918353
17658506
29676280
29253796
32028126
23481251
19614793
14370704
18114026
17955277
29019680
20563218
16552761
21920344
17208263
19429876
18408373
15535294
15969950
15754334
13837661
18414129
11842782
12796744
15268228
11441309
11851160
11984218
12357012
10579586
8835775
16561075
14765875
16217601
18604376
15527998
44210890
13969137
16119441
14497502
17792717
15302898
10443341
10361946
14476997
16126888
18497831
16112191
13758979
11482167
9060400
15060456
12964470
16647252
30211001
28001047
114728612
25949429
24747690
14471157
16930278
23231221
18189698
30584601
24383003
31691869
33491972
30126485
25076638
30661843
23710719
22824551
26784577
26545039
23236499
24669352
24894066
20750086
27966404
19038844
18341606
28221714
23745933
18603854
20239623
17001612
17561876
14781809
19502223
18624109
17319596
23238692
20292920
21285600
29438211
24286485
19863411
17619610
19884374
29231498
39193240
33868734
40352893
28821164
33498001
42124987
40329843
16975250
25664196
42911875
58157786
54853646
55294492
69599205
64063261
55818546
65550339
119785781
115093881
67771678
111059871
191361098
118110623
266356812
202013877
232693590
281570875
271916983
189331217
178526718
190353357
184222980
165037484
219838390
229930193
193249886
129108124
263077553
200694675
138024879
237115298
180822589
169258868
151681178
131914911
118730075
76087082
197547038
224529809
266514182
255766169
274977773
318610492
272155390
293754512
283580574
392210108
301053855
321202917
336166230
177208068
57598432
38275289
32119619
36016369
38850089
41758530
46804385
48201691
38644343
46097866
53306698
71949216
68334560
48840375
62906702
70060058
65155057
77790810
164228023
132580683
138443142
152565061
127074438
138941488
140183367
133396217
133508528
128349719
129689609
123332692
120843587
109220797
33960231
112210452
66469139
105733929
104223731
105201959
100996796
100073212
100669671
103734693
105372594
65464385
13382395
8049429
5783590
5325371
9386351
7181310
6725219
11712947
6284111
9038815
10862742
6354877
9024703
14113774
7845164
6902835
8656058
5860711
7681227
12740569
4875478
5350339
3953567
3297700
4404629
3511908
5065711
5306795
5877863
5824118
5626506
6364435
6410596
9660335
8328291
10162516
8855606
8861147
9834719
7393771
5843092
6742021
7017722
6889337
6781283
7903439
6463311
6637487
7552008
8547465
9632846
8245993
7944856
7785548
6755986
6904213
9405751
12203416
6415435
9072812
6193553
6229758
10634469
9862406
8311697
8171920
12073758
7763394
5583809
8848801
8892571
8388597
4433747
9855520
9401691
8890472
52389104
52743032
67551076
68374608
65777912
78716685
62723974
63112911
66848001
67588011
66253200
67861060
56740349
61171592
50812079
59444151
85366849
52623477
22378966
11410506
16430840
16424287
17757646
15113423
15055936
11512415
11997141
18437347
20452864
26451625
19274163
12478474
10209187
11710070
12810490
17439520
10902750
13202535
17225762
19684672
22851399
19840777
15220651
15048994
12974349
16056927
12483162
19199790
13300959
11773362
6789580
10622969
11461513
10041814
12802519
12039037
15112099
14967266
17355299
19218477
25414891
21577344
13867775
23721477
23402472
20943398
17948098
15221421
12437672
16366466
19281120
20060920
22413551
41084106
71017061
40444441
40202234
65764182
24574982
25295775
26395344
25966469
28045126
19984984
23319935
27718631
33309394
29401905
34008868
31832017
22899550
22908457
31081417
37104918
26280158
26068271
29130249
31433072
44001266
40262758
44102231
31169756
26251358
26571571
28963555
34898710
38069274
68861768
32560631
44809096
52930591
63205783
106724021
104106454
51183775
56262706
49983095
67365957
57848142
51210842
58369292
51692569
55173459
58105555
67785867
81781275
65233227
88338301
107011539
147357802
159990655
171237246
127665808
162630949
135786722
160614844
92490029
73732990
57407946
55892695
130990749
172691113
166563348
93214671
63312539
61440721
26751356
20948902
18021412
16247192
13800397
13734968
18672730
13014195
17407500
15318821
15703466
14626516
13734686
14256327
12849528
12510552
9301316
9101902
16156866
17076197
18492298
21374417
15406715
17397886
13784567
13477138
21179200
34361742
26772494
21660190
22502766
25125591
17835374
18873891
20397486
16836080
13239998
14201977
13007926
12174658
28899479
30791608
27029659
24873946
26506346
27208955
12055551
10427354
10423526
9916756
10031374
15908812
4564242
4562465
7628397
9777946
10575783
9014608
9698640
14060836
4242022
3747799
12554584
4721885
4756294
4233417
4198376
6898294
12423484
8439518
4977070
5433800
5949037
5591221
5905256
9535689
6497570
5190274
4979102
5626996
8505230
7064861
7041741
7112564
6650405
6578237
6460544
8490889
9157789
6492600
5514621
5782954
7449034
5406652
10004072
5663080
5129691
5316375
5641710
6544552
7943441
4528668
4627309
4169775
5906317
4593698
4573694
5416687
5178396
5744025
4906030
13661150
7551065
3733788
3866160
5712002
6332010
4281684
5540897
6731725
4174052
5097047
9582501
5934181
10760333
4103064
6261428
4143854
7434241
7145523
10827462
10284787
7322271
9465465
46062663
11681834
13164013
10233675
13311275
16782565
13991926
17561411
15716016
24375281
7141007
10870178
9518602
17333927
19037845
14708400
16275058
14191148
14764827
14817137
18161927
17486331
17732190
16823009
13866896
33615602
32920614
35833021
19754228
37912589
53424180
24457019
18231225
24523432
25010732
23453592
19219572
53959616
130487128
34133180
22798589
21132358
18507649
28440110
25255312
18377355
19973962
24106594
15790985
21190410
16886651
17043348
22425808
16455532
27249574
25700035
35175999
63579076
88457739
84672691
84934471
53393128
21540095
21929703
23958667
26728521
24019763
26884159
30778477
34006081
35849252
32689896
42717243
25885593
22645030
25463669
28358341
29292773
68159255
31544505
33768033
24948804
19758063
20561635
23422919
24679774
28931315
46478892
17594035
22130153
23352261
29840948
26391327
22520847
21901609
18351137
19378494
29076006
30468187
27473387
26040249
23932150
24571468
25257661
24216186
24192916
28916480
25802974
31959866
35980681
38720695
41253485
39401186
34842750
37456873
34724451
33689958
31089869
35265121
32977511
46757866
45023599
44653659
47859561
46995632
47556599
47890951
63865071
140420470
70159848
106005103
72126652
60595022
76731473
71659424
65496753
73534163
96537261
108582446
163346925
138913426
60648150
64627917
53233259
52147111
147205142
127999027
137565034
63116143
110472589
114154332
119582427
143150230
167771715
166683867
215687379
191944487
203545229
220383410
188114886
158626580
171605967
58903302
16729074
51013197
22208009
16993880
34513090
27789597
34984692
18461866
53294010
45096574
67519211
47410914
18372007
21913654
41199154
42283925
28212112
15759463
15252467
18975715
20396743
22443864
26749618
11704579
9121156
8629242
9697072
14158753
12555568
14378190
16624473
113798558
31430152
11083719
15874350
16146004
11341356
10378966
11741731
13241207
13383964
12824594
51655264
12593806
13208322
15958172
12158913
14253513
16934097
12325075
11590261
16925038
18733442
11326961
14765911
12123417
58059961
12897604
10492946
21955783
12132707
11264734
13891774
21977049
22671881
19075996
23035657
20126105
16951986
15649628
17245814
16684933
15731762
11596267
11125162
7366817
8909142
14472982
21293747
16433515
22052039
22975602
28547264
31967160
14749633
17076520
6617386
5323744
5128312
4171441
7710689
5751131
6725719
8857655
8151457
10110217
4516088
4554808
5241882
5008041
4936197
4559714
6003463
5627206
5620895
5748971
7320193
12308178
7644703
8182308
7250583
7196483
9147734
10639517
10885559
11050509
8906622
10116550
7384308
22742503
11429256
6792982
9249747
10488703
9732646
9431544
12684726
9868760
12202023
14389326
15524967
26263052
39878840
22172026
24836964
15626535
16689395
13481250
15660593
18137213
17591583
18468675
18405588
18723296
25136697
29316599
17458373
16406396
33477748
36391521
39042645
35122690
39617205
29695438
33765830
27299146
29324996
20062287
21240469
20091686
14479953
14175254
15991319
29331875
17687036
11237497
17963828
17984577
30967651
60014704
28765067
15804218
19555336
16138773
17699822
17688666
27657069
49014023
67920601
60539416
37661360
56036960
49642505
30959815
27123920
43065797
68389723
79139186
113269415
113613936
107246965
109598725
73317108
140791875
90687347
57200280
59698172
58180107
85998657
92957862
79406895
84972024
93616444
71178303
67073567
68737254
84102991
67416455
45696817
51241638
53278552
46328244
42006356
58822935
67928741
77519049
56116768
38688900
14794535
16494428
14075321
19410672
30193812
20614421
14390869
12734565
16398402
16805197
13602610
13794535
16191650
16388503
13097080
10172879
10896394
11200414
11570456
10141734
11826068
19217787
20138755
36408820
69654841
81978300
75844709
83882568
86231706
88811245
90608397
95956733
74581310
27092355
37824766
47712671
55456667
46761002
48993835
56587223
104018410
60994993
40102741
51906763
79470884
58545655
61938658
46749083
30061345
62097888
63147659
48060050
57571861
69796464
22980538
50819875
95929203
87807137
59479519
26436780
18173048
12301637
6347766
8393487
11194802
11631357
12821290
8984277
10905984
14055470
12320380
11883227
20167704
12931030
11642746
8603357
11045815
8242286
7920952
41079576
7723760
9638802
7409145
7758041
7592336
7706708
11291613
7493808
12850277
9458230
8035616
9009338
9550664
9624867
7739719
6473316
7902901
8485942
10956088
8522434
9409682
30705040
40641635
47526756
7817311
10344189
9033464
8993970
10042382
10306256
23033088
11817643
12734350
13295412
11418910
10961298
9494023
9771850
9366675
9003023
8311054
7635294
11106440
7229821
10367853
7345118
8123795
6989956
8127525
10804438
13464387
8139771
7205487
7127172
10311028
6702550
8117198
6532671
6781141
6015496
6676276
11239823
14803289
8861151
7807182
10969625
13216225
14685302
12783676
8398042
11000316
7399244
9984308
10847479
9299659
10306163
10262657
7487506
7934739
10153742
8395444
7667920
7293928
6618255
5075455
6082896
5008876
3878905
4337554
4640979
10709420
13489167
12070795
12409921
13239528
12547879
9195543
9971702
7281059
6827789
6713284
6731123
5642595
10678773
8725686
6258757
7012795
6202952
8128457
11333520
10143044
7729436
12889949
9608781
7852505
10111069
9082590
21743531
60064027
43493740
14379028
25561153
9832625
6138148
9213544
24231511
25912344
17458945
19157177
23032056
70042706
63813977
67275747
90556606
99433700
55548189
72706859
83508917
113733086
44524591
38966872
140201976
75446798
28556266
34550742
32635249
40269548
38892564
19414376
12265008
15246157
21321829
25798595
22726392
8572091
7475671
10879658
11434694
9016458
11588034
11099029
24882614
68788273
75445024
71742982
138487946
41806329
65882681
24470633
14294051
13272895
11753916
13888267
56017631
122643322
50832169
47614290
29860590
83403788
109380503
142710161
116707192
34116255
48573548
135922237
123618609
115019989
108241444
45896871
28974201
27669164
52693159
62087323
75713370
57517908
40686265
28400752
15623172
14501939
38545327
35811631
98505748
86257665
101196520
66546182
69876242
64809171
41210986
21396804
73495722
66869958
100630201
84890086
89587523
99019693
27912626
51692036
68116987
92710789
42921066
43998791
50786325
86521113
74548793
102238645
80780434
70280952
35341808
85325728
181436119
107796196
132278413
133255349
256059537
121254619
76981892
97607920
184757860
139643520
372366947
169378145
123545796
242935113
79419187
49221646
49276108
86353829
99302481
47681364
267403169
371820164
167830373
35871680
33141599
25342367
55555022
79415761
76822729
79357850
64282633
52110589
54770180
46372015
30701141
18416756
14270014
14824693
34996913
30524944
15692027
16798805
14644434
16617684
12158687
13302126
21441650
15028112
14520399
13097691
12576809
14743330
12540158
10559656
8180715
125002508
17382772
6706884
20436861
33917006
63521595
42428899
11442159
12161248
15468788
14125426
11145586
12794545
12676142
14334078
18062381
12685399
14228214
12633991
16756885
19797684
20016885
20103002
16083404
19338660
99307634
31566567
20984040
16074984
21207670
21131377
18704876
31311232
28441693
26368306
26742199
15128363
10345855
16861566
20519050
17714274
17108368
10962287
13134067
13828416
12159834
11523762
11738768
15438198
10940955
10468403
20115587
12186298
14139685
19266433
19759681
11891279
10131632
16904175
13817971
19018279
19959127
18562281
23399209
12934296
12085634
18907433
16377283
11204278
9006630
10154416
9103092
12241710
9769724
13906792
18236157
17525679
21377328
11666102
8751434
9243372
9451578
6438617
6613730
7738945
6247511
5589955
7683211
5960628
7365380
5823136
7249431
7946194
5982457
7174959
9242817
11984975
10427055
12026309
11160334
15424624
14269757
12554300
14480813
13833682
13870199
14767844
15594075
17994622
17626149
16890988
18087027
28799959
36349573
36876922
18785300
34909030
23623364
20437738
19509372
16865630
16433419
20548280
16786610
21667690
21099940
18132317
36142030
35840151
33043712
37358667
28280863
29220398
12395997
11543117
9723514
15124268
14967108
13183600
14881858
50010715
15106168
12619889
12709131
14307939
16736869
11331720
11056215
12555282
12486484
12691129
10513202
14267129
11665776
10962272
11161202
15359074
15685859
17465612
22028305
19907001
19455317
15321325
12750875
14232894
30044697
38089103
39499999
42667177
77442230
17305149
17743765
22858239
22018814
19426331
17730749
19924385
20681936
17970553
20724189
18521394
18523575
16295258
13133625
17383655
13438018
11699811
12562881
15376592
10654017
10119149
9757375
10078292
10438075
10177995
9587038
13979126
12662849
8896057
9360519
15881210
15789629
20536478
85631200
148742813
165700062
162803650
78004842
30064655
90029924
134510380
131589568
54757186
65592972
128665476
103083993
107555744
109003923
60494749
18232876
59090935
103711956
89739059
113948274
112443570
80354832
80777722
196544214
73760190
40035607
91583810
83389347
88148310
104437182
73785554
62015728
84197838
73103913
33609920
31408742
31221655
34984944
68480494
92361811
210178693
621607307
585746385
283115497
52387488
48029856
35972735
55357295
114996007
139102031
85848780
200667664
84923272
75469629
33793431
29989085
83231286
81845008
76660177
72164077
56940808
39663175
27755747
63103400
24957606
30482162
32925275
52485770
53624115
34793916
29536994
11788206
14138367
29436817
60155964
26748988
59990423
19045591
14638080
13407569
12638366
19698210
27914473
35315902
21495565
18098422
15191248
17063050
19362937
28789853
23526967
17993645
25561175
26309605
12387580
18642932
17483016
21424329
20088372
21944258
14186662
20222800
15395116
17271637
47492597
15868885
14205023
22181201
17222961
49667040
76827107
12810471
14159664
14082414
14954021
15959066
15146466
18490206
21146630
20673567
18713876
19269856
16073413
11710784
11083335
11308695
13512877
9441798
11548433
15162823
13485515
9234959
11622281
8748627
18152985
11812829
10212733
14021955
14662528
10898675
12063554
9321444
10205543
8068886
9621580
8690898
11399221
17305099
10463515
9641835
15659557
8972687
8692275
7101379
8259746
30432422
27785200
8297712
8910136
8381091
8998707
12089037
14506798
12554732
10498284
7688735
17757838
48667425
82716053
14470913
14644596
29441486
31153957
18304402
16240737
11363473
11002946
10929781
11702666
9441156
11187255
8322644
7081625
6347190
8061448
9349945
11735894
18910092
9902359
8014654
8118797
7406790
11433536
10274318
9428819
23190236
10342760
12694611
13621687
11481606
8957984
8905592
9270862
10834378
12087017
24015588
14100588
22188677
27613406
12871965
17986248
14715443
13308842
11789611
14383487
17432979
16082253
11297468
11388841
15155739
13831808
19668861
16298776
14113233
13632415
15972860
19085260
26209212
27776523
40568604
26998703
25707426
21328649
20675222
25485877
28041802
22440124
21852797
26777877
28238747
26852763
19655120
25993732
22302155
39994544
19181422
18079643
20617437
27563025
19988335
17719835
24539109
37121740
30248215
22359976
23660525
25938713
28982823
28647844
36714238
36910053
33141255
22276116
30035587
32277068
35181641
30176711
79013689
41003835
25386341
44334024
32814832
35894687
35211548
41216909
29705730
39825320
36891346
35099592
34989087
32222899
28949509
31228665
33757891
54452933
45714977
36275386
43296075
47159388
55629290
42014627
40989948
36059574
29753642
31905774
38558240
26181665
26974653
32971337
38660703
40079494
40454677
36764069
32911102
31043238
35393292
25938974
29444954
31540870
39074018
46385549
37713934
29337219
34532509
25274497
22197908
20320328
28541342
20574816
32021332
37612825
42855564
62555043
82499669
62163871
60626315
64298557
81102043
75779888
111857276
101340728
55815062
52809663
84432021
98214012
34294018
94964376
126413050
156030052
159066810
138709251
153295705
144674006
136946720
108651006
53084677
167166675
183449583
186999146
242690100
173953235
149142300
155051682
143731897
139527122
142294254
159791981
129966487
112837968
112390596
96612732
145932689
176427273
152501321
145371996
119418347
125802741
92972862
70041373
86139945
68566846
94305435
90540169
83872976
74096965
84333912
72160605
109655566
106795994
85877096
101611077
115628320
111730490
145591886
109977535
128139044
106732916
96338634
199109882
243549416
128610471
122158628
9238152
14544975
14888538
10608784
13329262
19423687
21564307
21311905
21265437
31705683
25347496
22553810
12129349
7257141
8070402
6868604
8097235
5787424
4560911
5575077
5336734
8686622
10027585
17603041
15565090
13837522
6883734
8071358
8496197
7002640
6788390
5896984
7066061
34424159
4419355
5336892
5803224
4826046
5212395
5055585
5965494
5257280
4805712
5372743
4828430
6421472
3807528
4615895
4211304
5304492
4986660
5004195
6954276
4335893
3910117
3903001
4587625
5221281
4291453
3789259
3179066
3280974
3560503
4464071
4532157
3407084
3445128
4320355
4685740
6507792
6353448
6132019
5110901
5371195
5413027
42994587
87565660
85153594
91503584
90340752
84307641
85615944
83713046
82303221
82598715
84704743
84665171
85577672
82645034
75439034
75711386
78741161
96560956
120562034
78675054
91387878
77262929
64055015
90601824
83936768
90141162
61900777
54688741
53255722
75676033
63865347
71252032
60660067
82027402
63255926
44780075
58783329
42816528
53103271
46459900
43814118
47444053
49486586
60539557
67222410
50413512
43661342
37440455
42493252
47061298
45343015
52713316
64093122
54662253
59358046
50050416
43942673
39598080
54457530
66471741
77168938
73983930
40920549
37698285
52051358
49862898
49862225
55868391
48395970
54669845
47841533
54654729
58832812
61265894
76188082
59120964
64235142
66615261
57834820
48413740
55602975
88211301
51637570
38605498
46947148
43119353
32240740
39846967
76578509
40955128
70444887
80506629
110547365
47045991
70579539
73261291
54169520
52019061
53107680
55860038
46674763
44295006
56343505
52340132
67003389
57179089
58565181
39549039
53227590
52293731
39850383
38088015
40749645
45628958
43840985
74005360
79771098
46401647
40874027
37809910
41915975
49331442
46534019
36856501
54534273
54040692
53571679
49143383
66916146
52512328
63329256
74676823
75574448
74457646
79064331
73924773
73683245
58271803
70057766
74532572
86501048
85699154
102434718
103558392
92671872
111856644
130351942
114013259
106256621
159620058
200161103
193338522
175656381
137580350
175335802
151228832
210871765
224076481
236367558
248505610
143881538
122924772
209788122
270494522
235178816
140698365
138572290
152771608
159580235
165803826
151345468
170952496
139841685
70575966
123951958
122867863
88641874
101212712
116576367
91811272
95838468
136500791
163218895
140918285
149194731
139835354
60354719
21042956
22673760
20870642
22515506
34324383
53606093
50805147
40185705
22626247
24385420
14599916
19152896
15138309
13312217
8642649
15466375
8354762
9049835
9054157
9770434
22429514
9124559
28698671
49310531
66203090
67400116
80672443
48590724
19073437
30914500
20890538
40707765
41576931
54072756
54916738
22001028
12276121
10297531
7419804
8606467
6934779
7020662
9077056
7298240
7883601
10546608
11970560
34464346
39866833
35300307
40146126
33898042
35587935
37936423
15385176
6092021
7815069
6430987
5868030
9351052
15528906
18378367
15450664
17406043
21178329
26196037
29993769
32968146
35840059
34942942
30633712
26575027
26046689
26964096
20389912
12910573
13041355
17924578
28347207
17168726
9083780
8783179
7602209
15256544
5640014
7405258
4472883
7223996
5419092
5679235
7530320
4557353
5730481
5254436
7857436
12008765
10387467
9013080
13114068
11865846
15095388
16240676
15238648
6783659
7553095
5386765
6071842
7807248
7405709
6585782
6482827
6302941
9883030
7726758
8490694
9938798
19142558
18294871
14163190
10619764
8298786
9021922
17925881
18250389
16907197
10443988
9238674
6929374
9318617
7253868
7480199
14005125
8939507
9009273
12604952
10351531
13874767
17213638
21346576
21335820
24508781
36937737
32649084
37741886
49562345
53084623
86347075
46242519
43421470
46095486
42915111
33198112
29042968
27758770
32918208
34234064
22205232
19837939
29685808
23636167
20015296
21367169
34724335
26903282
36391400
61567842
18203445
30481022
28338730
25199903
27715418
23263565
27857146
25415377
25986321
17240194
16389354
17006607
12884790
17737653
19500258
17635513
25052089
28905010
26963330
24955814
21551039
24190344
21143889
25112217
20940760
25527568
30481158
33608517
27076454
32923547
26061833
29341013
28891290
30791791
32671188
23571071
21473843
24993591
42903367
34903983
27014282
27223488
31701225
29431949
24879308
87097302
76076473
26839121
28328892
41662431
24923075
25972934
26078132
26882146
63948027
25576456
28322427
44358167
25143206
25143739
73455674
36657963
34920405
54940122
68969321
55394325
143036130
95541861
75770102
110596389
149990088
45553348
38106834
166754128
119966507
176129312
140460044
181811761
138403176
154061127
177718787
113178815
138302751
156744808
160636607
102331629
164264229
200999471
222392567
170698279
203408664
174267601
99839360
131908326
203802523
146473361
159576642
147325079
63399466
149849391
126354882
140020077
191317334
60094955
29973588
40394409
89669614
101026667
89946995
133564417
90495726
56283996
36312911
19754830
48795194
27433035
17520126
27643627
31260829
24777583
24814966
37351473
43480094
34034402
43315383
41612656
47034365
65666351
53964381
45992107
49492859
40399079
35694008
33138762
27451607
33651312
37247096
46383662
33900185
31964467
34172362
66017075
54631160
69004330
208505538
106233923
35893938
83380497
82071311
36274222
37957455
43584535
36958701
78871235
39638553
42186930
31970615
43164773
43311199
37165406
27168100
25009892
26401235
32660506
22378812
31953333
28750814
21353511
20360014
10432178
8313286
9411205
5358767
5544869
6329229
9783055
14895515
11632589
15248221
11763202
6114442
6274623
8884347
6944656
8123948
8871412
7706661
12477338
15303832
14297301
14078921
11917278
9706346
7855692
8144653
8142145
11203564
6319073
5804459
4994717
8979589
6809002
6372228
7171544
5964841
6356096
6729595
6820475
8917040
5950901
5049986
6916886
8966827
9454509
6316464
6219553
7139868
6216783
5483013
8764507
6624754
6012445
5315562
4609759
7526258
5842920
4633056
6006269
5181409
7807751
6906444
5366785
7943202
18016216
14680698
8805268
10965486
9894236
11225760
7758417
9712492
8513507
40963839
7001806
14603874
7549461
13892190
7646179
7961404
10289033
8272022
11298739
11577777
36382936
32134636
19438381
13687382
17320721
13965655
20907242
25993268
22021153
18591708
19758501
21011054
22877096
53035686
40994873
35181518
35345458
54223562
50365127
25941773
33025940
27510766
24812946
24275527
28265059
25015231
21580088
25412660
26624649
41772068
36727867
47289003
41176597
29210744
24010350
24647689
28182871
29449614
31930224
32999795
32816717
34977737
37358199
35912163
38846043
52711462
40463214
43373150
43043402
48930628
49118770
86265854
62340023
62808299
47393250
52175920
60135848
69245536
51422990
47329592
46005566
35286400
30075591
30454659
29373234
30834402
28920928
53134441
33651478
43910319
46206788
41902978
24619830
33832299
41227780
31640218
42643182
42756295
34328024
38911533
47172825
58194196
89540251
95213548
33476719
35768169
35369529
47011659
48305265
74353849
41725883
40358834
43974935
39639212
87474563
62960614
64177174
65646600
62398311
51396684
42121560
43453982
56633933
52007004
42153121
32451834
35454617
35806095
47256448
57089659
62315330
69564288
65953315
58940904
69990159
80806283
75724864
66881272
87112179
111937799
132718153
160991693
142657565
126242757
110097367
122382163
117785084
123660463
164725695
158641653
185692386
233592494
174008637
177724919
170956949
138239213
144893736
102874005
52327107
38959996
118299151
98056480
101759876
101289982
85428370
83031371
90019642
30491176
37823614
60208780
34174507
31956386
28006442
27028913
14603752
11731675
10887590
18548975
43408292
43246634
35140293
21336414
12252132
15327353
25299825
18316601
18166440
14064791
10587091
10921486
8325865
7783463
11109393
10790166
13849674
13618759
17681728
22831803
39150416
171416156
126800518
22043452
21507370
19749150
36235298
27580616
30063061
30651226
60066341
54166424
60058826
53017332
17327254
13473168
14741903
13140245
19182642
14679457
15313033
16601059
15141122
17815171
22242908
20651387
19964899
17073349
15961519
19056343
33030031
22182839
22341417
20915847
29449625
29827012
15906879
14844789
16108823
26454163
24900218
20043405
18438760
15188772
16193880
12388543
9478096
13770691
18836883
12659671
8735549
9756721
8944306
115012591
23750242
20802808
22052270
23879819
23238141
23269776
23597076
21543243
21480734
22607089
24904260
18091674
19714871
16849586
19313150
17056575
16871806
16666015
13838703
9691742
10569734
10439176
10690781
11482705
13265307
11186973
11500108
11951761
10467474
11058129
11380470
11254311
10796186
10911873
10605365
10480161
8974954
7220438
7056509
8300375
8252160
9521521
9575708
8134355
8878900
11798014
15597732
13245418
11774715
14256920
13043242
18999046
17364096
16772613
13218283
14029673
19836622
20749445
23585169
29876615
42567460
34268808
23295755
23810533
21547541
28838102
24708879
29092740
43732440
47644585
37407266
35432707
41595021
49773941
45970343
49073804
48106060
49505297
43766494
44730034
45645272
53667631
49531629
52576535
52199558
49496604
46087130
43637254
64935364
53688949
39168179
26979756
26389139
28252787
29341345
27110740
33584816
27280263
25438969
26445983
28216437
28312812
25560739
14401944
18228152
21167327
22458579
17798854
18718538
18663278
20480552
25588339
25216391
23877453
25630690
29247640
29272700
20910741
82427743
90450622
47183273
30078558
23173897
27933680
34735418
31913757
45121332
32902892
52516733
66239002
44936285
36798809
49776692
60056401
37476062
37158743
48997771
37188944
36511249
51751447
68747481
57908559
38684095
44199142
41517886
45972782
58987189
48080105
49499110
36770192
39161378
50833398
65927461
69911126
68133945
66637198
72339865
82414359
95281015
98488600
99972536
92798887
93187783
88767554
87232374
114755177
125217706
113257622
101319944
118086117
149422064
157694840
180220125
167605978
168858355
165438473
187973828
196410082
182291055
197755638
126656703
40761588
81299334
132433971
179016894
177758538
161734731
122040830
151956986
149264514
126029929
121160529
130779582
174725923
97949822
88685455
93755507
76309058
150693723
120360803
121227889
128345722
110999465
127398424
115365893
94826232
112626712
66082326
49661759
51287720
40806628
49926698
53471392
52566180
46263151
33693283
32609908
40174555
62117062
79969262
53115571
28162468
31259759
20764380
27798690
19628691
23938778
20524400
17192494
21220491
16305311
11057139
21351507
24690591
63400453
233275987
117244610
21037169
53485514
42776413
25726731
65875317
59595432
48266083
92958891
115371449
24944448
33834550
34572506
29004271
36095597
39858574
72092150
81235953
42429303
66249953
38674280
73709566
42479975
28761506
25672781
25942941
34086098
58081760
70727101
114331710
47719652
39526318
22380670
23605276
21356571
23047142
27197390
22586748
25872941
26010885
54885611
91823242
22007366
27060214
20638849
20642725
17360730
15869054
347612009
199367420
13847194
14120326
13800316
15013008
14786232
16895871
17551597
16912466
16393598
43049800
16256959
17632633
17202373
17530097
19724040
16429834
16868990
18252139
16868524
17626039
17667992
16824971
13687749
11992472
9602128
9919301
12119786
10570111
9734511
12105687
9730334
11859716
12516055
11435573
11700938
12600891
13467194
12274957
14016075
21888009
54547055
25248862
38390617
36091983
16548800
17409385
16621582
45955108
80304544
26039936
19170935
17953754
18181593
38839221
46821768
48661812
19607469
16026497
52632354
63058296
47788724
23790758
34829647
5484292
4816950
5990871
24435907
34027474
57536789
30936626
10810524
3832031
5284714
5560264
9092045
5229056
6708717
10079272
22991473
27784989
10931136
5881681
10047501
11608366
14390158
53222602
57108310
53314807
50357218
92206410
30341176
28298920
59745988
52808577
19066309
9637870
8893186
9499176
10015048
4698371
6529961
10101574
53363278
8393901
8336835
5474687
13807611
19366001
9301882
23849310
56162911
54577880
49137437
112317272
271282766
159728069
172252045
64428620
46201647
28834249
36045191
142363984
207367007
67971888
45177300
188332516
129415532
91486010
38936293
38873624
86539218
71532887
141530004
206355019
135214846
73520792
59348067
30868970
68006186
177241116
186487248
147237986
213436557
115445603
273217681
496246204
443336985
63452650
106044629
105989830
60014368
108605504
138467428
170945075
127000973
96682961
134275915
66938574
62341314
59828611
59117903
103376767
132115985
236113651
220005986
170898637
125095732
115371235
73699522
47401009
90411036
38342527
22289275
50205206
93986450
88702458
111681117
295980636
72564915
262387643
528060932
559785060
252577040
102662037
160244677
106049593
180156752
103892025
26747959
37179178
65036237
174180267
139917418
142983646
107329043
199774972
128877479
248848823
56908409
214774311
97334546
136580438
90204133
38066531
30038742
40694329
40303473
44930857
98962073
45434788
48604367
81878873
66175245
71386753
53486502
29280059
47137378
42665587
77497421
110009426
73240566
26029960
93164200
74854670
25657762
22980087
21987863
25905099
18995382
30325115
19525287
31319583
27096865
20549490
55552057
31886189
39170138
220473417
80810509
23144962
22079796
19569245
30802440
36596487
45010138
15090204
121550540
29719837
25270968
21805474
20345944
22119659
23502149
22905315
23900467
19307390
36116856
17624598
34763891
20778214
18476345
19470848
28785038
25568449
46436169
32934842
35444006
24974991
25965446
29893304
17585123
16995834
26499810
33756135
23777065
16472849
16876966
37329077
30424420
32659457
19317598
34724028
22885225
27154425
34923204
69264423
69748388
58936072
15207719
18197189
26096374
17539926
23852326
24185469
20296268
24802249
28541913
26963088
22182593
26473198
23412215
26372690
23144523
22409795
31167129
29076917
29808805
29866253
26948693
24170292
19246955
28165003
27211598
45985620
40013387
26985564
36617260
40018577
42793553
45250755
38265991
42678206
37122782
68299909
82770872
43123091
25004339
73420274
157797714
116599412
119666232
106393991
247125995
150890254
167363577
136443116
202825827
145928177
242878768
183479177
124754208
164586244
222053746
167845085
299142521
172929995
99163348
103529809
237197957
177904106
129642699
194213412
33435311
3451221
1495153
4753574
3185745
8730226
2732875
3195346
6521478
11599763
3634373
4278299
4032261
2462106
1856109
4551624
3467894
56975525
34956894
125886239
126134238
194821569
178188301
135385604
187614478
148046499
86633715
51828756
121593884
108787974
116397252
73256434
30931284
38533176
52291572
159909552
54073151
124888605
65539156
16365156
16154018
18031116
10676875
12370167
11790422
10791667
11159221
10924481
9178963
8831140
19668286
17173970
14633304
10919694
12863602
11648054
11429892
9605167
7454009
7691037
8703040
13879437
8417263
9450263
11423970
29228951
7909742
9826599
9591493
7413317
9146580
20305044
9888830
9605413
13237573
46224896
104048763
176325173
188115996
131056901
68923752
16062013
79501805
141319292
155539039
86507749
32776232
38900671
149323561
194369411
133100285
99275613
53352752
18493431
111123165
201137940
145658676
118308647
78613246
41287302
146770372
198479793
45909352
19679863
81253052
81758720
45541503
53448753
168825616
174018613
72827665
107138407
91117719
42646176
153375791
237297545
131854492
63543035
39806144
51123334
218793436
167808660
64287463
57876451
74563120
43881481
67140468
32084478
91144384
32850423
91913999
129146566
145323886
184489429
139343675
38166111
23455435
31523864
21870592
11068699
14732136
12182071
13092519
48954268
46618600
10289158
9948193
34609110
16051281
22494723
15728941
16481847
44261489
21797436
17733046
21599361
25809339
24512344
18673181
39757054
15882834
68421770
25891066
77178467
97221773
63390383
11856713
29412757
47372505
63089806
11691260
11480698
11015456
219664122
91803699
44862833
60299248
65934542
61372807
57027329
45179503
28882059
75726501
71205812
34576644
33693247
59316391
34327396
19384204
13802216
24472601
27464160
28202538
30197380
21120279
22329239
17982159
21384399
17401318
16518389
14713495
16133732
19371138
19098672
18864367
17282741
15979541
19932167
19622483
20328837
18724708
21245860
22985499
22744723
20316742
21528494
27020436
25652577
23728062
26425902
25679530
24251180
24472935
24430436
23418353
19689382
22152659
18476491
15975674
16886774
13153239
17329178
14621249
8610831
5686923
5728750
7370530
5161886
4595559
4205993
4436527
4975282
3932557
5967857
5064850
4141483
3760165
4185583
3933296
3711716
13109747
7719736
5499272
6023361
5073857
10682888
4218431
8619526
8500452
9391988
9303608
8711648
10902377
15156184
27519669
29047417
15642626
28748341
26890692
28871815
22733327
20935812
19926068
12468973
18805865
14212801
14083520
11849211
11628247
13418777
10097488
12185955
18477126
24543208
28843869
15606708
13235110
13798857
20447159
29253427
23268034
21580957
20245444
29968702
27688411
27281718
20311963
20502907
45144727
15915562
17398358
17953932
18029752
17920657
16858927
19428021
27168523
28344725
17163756
52861108
21584601
15548510
15091975
46971798
19954441
56025414
31128510
20798561
23646528
19620438
22910369
15378129
76218670
13670152
22846308
29670978
30922098
26951206
31880745
51980456
56096725
54165781
46473598
52596355
36545992
26416871
24707908
28217684
27011893
26244855
35678847
21881891
26377213
34342124
32352921
38448902
27821566
23035298
25731331
22062118
24438618
23114758
55696310
51644521
20963917
18111181
25478348
20630973
22711154
30161272
22121322
22304026
25893044
27027064
31016044
31341143
28533120
31302391
22768054
34965558
29143946
33864650
30235259
33550206
40909676
37761895
29775530
35211324
52066800
43734754
30333761
29435057
27624307
27611889
28368536
28042642
29510723
29438485
26956838
32194180
33545409
32363754
36846604
38917442
36440072
40487998
39306373
35651871
56047495
75168569
84530694
72725180
30224712
39407120
80288127
89441288
81189240
93390251
105896437
113790612
104009362
123247530
112071376
102854473
122170011
125269558
140331315
158706977
210368093
197795368
214671073
160993395
100679724
141784488
130541985
95889249
87476121
127958786
150943118
122828417
101174373
104016937
294670715
237219657
303693718
221629677
251065323
254272419
265291449
211950083
212922121
189556097
211710042
201128630
193727664
167241704
151239214
234845456
173768566
132098789
127691254
64225595
123818776
94621838
107337331
58111778
102948293
168902056
161524444
139673941
123070092
241972353
172268965
171331991
161567488
150713835
117946624
156170654
154353998
137191317
159045100
222496381
173895800
202417711
131817618
144013639
93467730
170232443
175972339
39984267
72278737
110631902
93997505
134447134
143793476
112525774
105361288
61233882
69575199
212319354
90916579
76456454
112975703
47205442
59138464
73817888
174360028
92934123
134548953
69864916
65944217
49722519
41918529
165512227
41454671
32047055
159926777
109768527
93268683
134235022
115471318
83831922
121075505
86790960
59649412
108357128
82801759
218725185
30199770
131593754
92540948
139666900
79612397
39507993
43704204
136624476
78250247
93134362
78543679
153087546
57462875
55950756
120480395
56127635
28976373
77350463
27044148
112617281
86843157
118976357
99401006
163846655
57202135
53778565
54309469
37537373
39797933
26468360
16376396
45676044
78169987
103311563
70196995
98606626
38695355
65501321
39268466
32797852
34410396
70930014
86103745
78182944
66448688
45188496
37403579
37652555
37583842
33516434
33490785
33079111
28923598
30543893
25469823
22069962
26685757
27389844
25971898
34978974
33880594
22307576
25404734
19750190
28885852
26052764
23667999
20673719
21063298
24541318
22825996
29168411
28074456
29537977
29919241
26040345
27359929
27599237
24491249
26789292
31295649
29087204
28858165
26575058
27743717
28748411
29668490
37024935
31621587
27287390
28091603
26243955
24751575
27261783
35599941
39530240
27766018
24370840
30132268
34088566
27273314
29690770
27101147
36326167
40878250
41221175
69580596
39670138
29575444
55036508
68962404
75568549
80092512
70860189
61181196
60571802
29409949
26378646
26102791
33253880
30618903
37712011
41408340
66609860
26949521
22233505
24031237
26647257
32848681
31785861
30375140
32274181
40874292
34449244
32952500
40550098
38044645
41217294
37869856
40122461
53263011
51190003
50090562
52891478
57935832
51693399
51759259
64545203
74497409
79717559
62748665
67280281
97909378
82114166
79042377
81917993
84782229
82428155
82656134
83893996
79161943
70898278
74746887
86413926
81000513
90563426
78716009
95612195
88985084
85982424
97109617
135545583
103180812
113843207
79862568
57517853
52502379
62834520
49136421
82380496
49031673
137780049
244741638
264714220
145161983
272720500
209363145
184838187
128952838
230108695
207362541
115113922
107774580
25341384
54666476
46297720
45572552
121611534
155778955
147750057
119063657
110586326
110013617
76076366
56976425
51212245
42693887
30483419
29684621
32143380
33691455
35569058
34473937
40541590
38902203
41177369
53822519
42385763
34483468
28311782
30601695
31888310
30441286
29606291
24048997
31945365
33202390
33785037
31913845
33910740
30966074
257183904
96473036
44953470
37526951
38461029
44907537
27515359
24077649
26568792
62632965
62445621
64014953
47068963
39156891
28745316
37994174
24903448
21091763
24769651
20368675
19648382
25741479
22719350
26125477
23269828
24579664
28450959
29322982
30867963
29880399
26813288
22501868
30613686
26186469
26938090
20265661
23154384
21530805
15671736
14309694
15163019
18003613
14422446
13225874
15011528
15258558
13604059
13198432
16714260
19221529
15623010
16640754
18568345
13850051
14268174
16857151
15579420
14992707
15977703
14075126
13570100
13082455
11725538
15494784
18551849
14098676
14395726
16017386
106778595
26791074
15970977
12240520
13223349
13856322
12772924
17458720
13745143
15389263
15636372
10596802
7948287
10025416
7769318
5307979
5679404
11618754
9509749
8903728
16722789
7464126
5796469
6352187
12891605
21171135
18640076
6630220
9816783
6284394
7712792
8379021
8215600
13121189
16667061
15764299
12592250
23099734
14102889
14181954
24898027
27219031
18143209
22792151
11894016
16733507
16261712
13406189
12871894
16430506
19057895
18219210
17392616
15188382
21775630
32533908
33520125
20501291
20244756
17590287
24364532
18443032
20796690
17376831
15058792
54528831
19217633
13968374
15834318
17900910
15007367
11296994
19544898
17390298
19199067
18419297
36047108
56094258
69462683
68431657
98571567
124917731
142773668
142829377
104660549
116130234
92283720
22690833
24572618
21232448
16058408
16346920
18459248
13380179
13089691
19693004
17821832
21192734
18801369
24489226
18346795
17063724
18237390
25068885
23825486
16753689
22428579
22813018
25628360
30381401
24175013
38210653
30838787
29086130
22083922
22710347
24866751
24546565
24099894
26153418
27828612
32358133
18208115
23521776
19942259
25115742
19281465
22812761
15548733
16690613
22549056
24439945
59917696
29812088
36630440
29546765
24769686
24069824
25201418
25383869
20008766
20991425
18718360
16220771
12346325
19806882
21825909
24804878
23751898
27693133
31318990
22987881
31251346
34909668
37528121
34360754
45379293
43644586
36691843
21268535
45103131
47629532
50755548
49273667
54513398
50970117
96685336
92931362
88154429
77015776
81105427
86410451
28796076
54419625
95108053
111163250
96373851
133702629
142756888
175622348
174203353
121507053
128406925
123484952
104272526
103031709
115701521
122712136
119033893
111609439
123677513
124707902
116078277
122233534
123878305
121050305
121100636
115624934
101819005
90304237
97981622
81990028
88030804
70710498
73856342
89981886
83780761
83262538
101295145
112493608
97930177
102349422
96977682
111313607
93962435
99683958
158468903
281640510
102300101
77634061
90887186
114572526
134443072
107028929
137214036
121931558
129729908
86982195
88362479
77861133
74515290
95850450
82502256
95681107
83105755
83152856
98983124
125405940
132603883
85056017
91158884
128138064
53996767
56961318
55163405
53771431
51083138
84120281
70747343
115309435
38767409
19141179
17606596
17634374
11816016
9812588
9033027
7311071
7378372
8145949
9267698
19291416
2019492
2204724
2851809
7106941
4729474
2513501
2402680
2872046
3163736
3778392
2418661
3207657
2895845
2978325
3619201
4040762
5185854
3031699
3713096
4325128
4824495
8814975
4349203
4884840
5306723
4733645
4226415
3874656
5313847
4076520
3307780
3610624
5425849
4667425
4776464
4680488
5010906
5068356
4323440
4267079
5281437
3886728
4166601
5033377
5522890
4031837
4683907
5273655
7643764
7358215
5274241
8053815
30285610
29769972
16799225
15449348
14544186
21253912
32698507
14101626
14850318
7523594
9854092
11436810
6219879
11660772
14927475
12983279
13732013
11976576
7664029
9673537
14641713
14682441
21204683
22566671
18981040
14036109
13918352
14108954
19008298
8812820
8233694
8546547
11172655
13353821
13589579
15330742
14347197
13896429
15367699
13279146
17450757
20023772
19602173
14850096
17270438
23108595
17213959
14433029
15955804
15699972
17784701
16491078
17981779
39218657
32460902
38546380
35692439
35048862
42083696
15358202
22278103
15781553
16265390
12717221
19160785
31798583
24787642
18689098
19948390
19764626
22744341
19769390
26029321
24054175
42480191
46938321
30164406
22986071
21658912
21326261
31443753
38170308
42446734
46004884
40334243
59193019
38272816
22265343
28294411
33204995
25738848
27210647
24098858
24276623
27546542
33256993
25561901
21929739
22359569
25048143
58181093
18241957
24950266
29808709
32372998
23589309
22344412
24339171
27790502
32704004
28583147
28231692
38156549
30410894
26349523
23066599
31270266
22527736
25552603
27686662
30335207
32779419
28994871
26306726
21779167
36397136
90414299
84173126
37345468
29891165
23558318
38282491
40370784
18387144
20252355
19804367
15726259
25845481
24415785
22101068
26769588
35815380
33400219
45130605
47576226
123387179
95669219
51420145
76955670
95709182
160068567
113437011
72089889
41244173
40799689
50909346
59190729
61025881
68813804
99847608
110698987
110710127
108975840
117287994
178577505
220488433
218723287
146467447
112210353
99819362
88140113
77679786
76467802
72264569
63493589
71091284
65657752
61587964
71918060
66825674
71900616
56974200
24076588
27669156
24969523
27163247
26565299
22995274
21961489
24946208
32426689
41068293
30192103
29845666
49584303
62914916
76378501
70050459
72377168
59966562
76903908
50383795
40261175
64209327
33053793
37494190
28486259
34898532
34760843
28222209
25730465
28713720
32131231
28133174
27691153
29096954
28907909
26759679
29200491
26176397
28516060
26541671
26628833
29834098
35873688
33265218
28692550
20856633
17866934
16978135
18733803
20214180
18850575
18806182
21242489
22609770
21327637
24416081
21972864
18125282
29222093
28848640
28207716
24286799
26318573
38576769
35571453
36501058
41029458
16878364
9043088
7658624
10626569
8589371
9022802
8094813
9017770
9988171
10224605
9085972
9328155
8002188
7333983
7978579
10631435
8681968
13709111
14852485
11254535
11480801
10473535
10946022
10386851
11301085
9316927
10391435
12781438
11787022
11507275
6301748
2952617
2815968
6949637
2995452
4542045
2955970
4330853
4382377
7491430
5769101
2816822
2846019
6696820
8300603
7327918
9956205
20143572
6435208
20226163
41694986
10491357
8477515
6723892
12389717
36690042
16516171
15156661
10652686
14352746
7011404
10129284
16854445
7340225
7053606
9834574
14023679
11790628
7199073
11028971
11221996
8834763
5478500
12373784
15865456
16420889
11515955
9466197
10292229
12739320
11125009
13251159
13499456
16001353
16650812
12489364
13229542
14313269
18534361
16544130
17055306
15368503
14925274
20254922
14658355
15330975
15340205
49945979
17766888
18175114
18830270
27986874
15856624
20484977
28292065
32433923
21717854
26097919
36396513
53267138
59767457
63405956
60137454
32823273
29493088
22317112
19298880
23579059
23493486
36008936
40839134
43562276
38681881
41498300
33607405
40059791
52508579
31687872
35956337
48947500
56761439
36035176
38243074
32866732
40178433
36377016
36409126
41123407
38935510
30469893
38104479
40079699
24841914
26246132
25671697
26980145
39742301
56174254
49371049
48244044
42359330
40351379
52932444
55092428
40103235
57063391
56089983
47668823
51009535
62775505
54736113
42249501
51421510
44499606
54799710
48950042
51302468
44991010
58278111
43495732
40617203
41263607
30594520
38728821
33728918
46035937
58354345
58541670
57002306
41302719
44401031
78834242
79970618
92272499
116890996
84005780
86846362
89761628
126522720
165485602
94524540
82020408
91368017
129028224
130558396
115426614
115565149
151260930
140003429
110626281
120187944
106128607
74260018
32390483
38130692
20336567
18403229
24577813
21466886
23283848
22312020
20493177
20080127
22626522
20800442
19872252
22297709
17172793
35265619
51130517
17028799
15817417
18746003
15550096
18318459
18785439
15338277
22944947
17530653
17513473
19060395
17575656
15800689
164630941
117277532
14842212
16723638
24337184
22819417
16374603
24295219
15146811
86328096
60177660
24722186
28770896
34569444
24717115
60499307
60463075
52545610
49980860
18733200
14748920
15604181
13700150
12081422
12696890
12165726
14059289
13489211
12261838
13263377
11446608
11225088
11337339
10734811
55080491
11238407
88201826
11839134
12520652
13613254
12792253
11732827
12001718
14752200
14687159
14472826
14062622
14132767
11978787
11829373
12328470
11823672
12661947
11889436
11060009
11207240
11315559
11687136
13436859
10905164
11819138
10390049
12003990
11561686
11216719
12554502
11931106
13801762
11048327
9749685
13088782
11452695
11149471
11494438
12080283
11995493
4703118
27665890
35975437
38371278
9126258
3160748
5187826
3277807
3177204
3021722
3961726
4949137
4598797
5219056
5269250
4696407
5621023
3926961
6128207
5573448
5658756
3097432
3685124
5084323
6841189
5742030
6048868
16353115
4904003
6361279
6896656
6671627
6929894
9419440
13371628
25898019
36376996
57119471
41128760
29279776
49908976
30329790
44808928
77895539
12643479
10313818
30085920
21341955
13170404
16107384
15525771
15957820
14514995
15302851
18027083
16160537
15062673
16845337
22390631
20537516
17080093
15378088
26978289
69489841
21315105
18621926
30235675
30692040
21110781
17489923
17941456
19571022
50251421
36343111
26894929
23380295
81329636
85056945
36167358
36162963
30933684
22477601
56267395
25152684
21532127
22509406
23907371
31806057
37092232
16665413
22008687
31183125
32718402
24037360
13986543
20355257
28664770
19819997
20774679
69874189
90209866
52887387
36024917
34925996
46182851
35288165
31250651
30850458
34885452
35220251
28200393
23018550
19665902
21237572
52007697
74847891
17318809
14543082
69486400
80048484
63931019
60675512
73484185
48992481
52492742
81247367
196051312
204217466
228638011
270335014
294122733
252982041
190101488
209483820
157331546
72808760
71630511
118666390
188836226
145256542
199593137
212096748
227856259
249343832
233468990
122075415
142386781
197232819
202022080
178034351
72482073
78437282
76509130
62264699
120301795
122110907
136995118
122838348
226362258
198614800
99734902
64613548
143733467
108960993
72131041
158728360
212269631
176168937
109293751
46049840
25572087
22938684
25981762
46740912
45271505
30725046
26242910
26079865
26392233
30647546
26016339
27526744
26567942
27304608
27672192
25115087
25566807
21392560
21572307
15313349
14622665
15387232
14421386
16542820
17155511
14497673
13282747
12871436
22560254
17589380
13681357
21686755
14881720
17584101
14105086
12680342
16602934
25188423
27679764
27144318
16965152
26754645
242562032
41595851
16109510
9356957
9837272
6349787
5583793
5913253
4550277
101275130
4826034
4253580
3708560
3453812
4942308
4824977
3073208
4748968
10729875
8945477
6374220
20130370
15520326
7743614
18732089
9197025
6732639
7491939
7271682
7954280
8765883
8802775
7413990
8031486
11444168
9037087
4514837
3818001
3765685
5684241
4799743
5922291
6016162
3708199
5669383
7112705
7657742
5317001
4798260
6100462
4199708
5259246
5542053
3913267
5210096
3454877
3084161
3785320
4914676
5089262
5460731
7195739
7158854
3668268
2925524
3575368
3793613
4442256
6462281
5683967
4935070
4129816
3435701
3673609
2542836
2206431
2176268
2276109
3129756
2713714
3322214
2579595
4555419
3415417
4161255
2984200
3184175
2912240
2841859
8653555
8046537
3244678
2988756
3045912
5204265
3667766
4224551
4769876
4952152
3637576
3408162
3578470
3504496
3274840
3109296
4651763
26486066
27742610
20338891
23393093
10021109
7748624
10258898
8002730
10449456
5367238
10210369
12872587
11854045
8070800
9468545
37006149
11390997
14077182
7448553
9857959
17699878
85712096
56631555
101502184
60423450
52337976
53363224
79816730
61569410
10526322
14623276
7425417
7151082
7946885
7787054
5103014
6963805
4529272
3150560
10589496
2790588
4591168
4126037
4316210
5918997
6783372
6261297
4660291
7079195
5184274
6974920
5550721
6160551
8521463
6724840
7081300
3660516
5776454
7383644
8137090
12935049
5526899
6085832
14138191
15228900
7991098
4481077
15387883
11768950
5541058
8110061
15506732
21684143
31838966
25156516
27305324
120047351
113647500
121974293
57452773
76876905
96132179
42841766
33424764
36304497
75667852
49317803
262020933
78958603
52968757
82618486
58532005
14069225
10874359
13377355
13516752
7274544
14355604
137807313
150086198
103038570
65076743
41790617
22176265
79121446
125182160
100653195
86072589
49347327
94744664
25227933
24153916
61372828
193131785
73441109
59632594
93301892
104073799
366292260
437763212
187164020
78359135
243284164
257005691
445091853
479568477
362502438
110281696
96238235
181770528
43121884
119614472
81418702
129126963
21289533
27868287
21288719
173400918
85068067
69713708
66811232
54776532
37802862
31753772
21267799
8833473
8123421
7781657
6783622
6753556
7423893
7545423
9254440
8803067
9310114
9117998
11752649
9407429
8867310
11692845
14917361
27880314
58446914
18363065
14121283
11864874
14759306
22806837
15879341
13917967
16254603
15655025
20535896
29976131
19847552
22929109
42670722
51137876
75210977
145285003
94523144
18672952
215523943
75906634
105194719
108460009
43130259
23105810
24111755
26693564
26873155
74238114
29926459
35041865
32588183
25910709
28659892
31950712
29923557
30333665
27341448
25554923
22096184
20946389
23642565
23153247
25484353
23409221
23417580
27024526
28960839
26684301
29260258
23363608
29611155
30141567
29464470
24341383
28456839
25416002
27217485
28803025
38063273
40427984
41362345
38493392
30852485
30063359
31417131
22407058
30439104
33322436
33470147
27560363
14556392
11601646
14769232
16551779
16792999
14862999
17131059
17241634
17609502
18636159
16785604
18580536
17082593
19499019
19343538
19965932
17916094
17847499
21717552
19475201
16777600
21055408
20893954
20048980
20112759
19164637
20314996
20791162
21939410
19742355
25092106
19191170
20859321
20978127
21599810
21004700
22295039
20724830
20664358
20997723
23336750
37231509
38411808
47059042
28593067
39990210
27087873
24875269
23009648
27688031
30683560
33187992
36145846
23792425
23015430
47088037
32393425
44819025
34761916
25355539
28611697
24076228
32045235
27680742
37673562
34112955
41429868
29170413
26637034
18686433
23522711
21602153
24588410
19638777
29322612
48407930
51786768
43379818
54902120
51783663
52767897
33136510
35007623
24806185
63673706
68524374
60095083
79741939
80462217
48835435
62649240
59823333
48361967
32036872
45873910
51983948
44740545
36198817
25145322
18208206
17179938
15270508
15800842
17924198
19162928
24607270
18567116
22312963
18637215
16809939
18761848
19075157
19710657
16092992
23364870
41240240
40655538
41108840
30779449
29707167
27316329
31687666
26163918
26810276
23789199
23092604
41718831
29840523
22529046
21328786
17796801
17031484
14517489
15478076
12688384
16958614
21226619
20682831
21403736
21200560
33003179
33133493
35726681
37909366
31973510
35824450
37033530
36942581
31432107
33809871
33967376
31152577
42902135
46216567
39611592
43464047
34818410
29519172
34770379
35421367
29848791
27562876
30732910
31811472
36243578
19578965
12038362
39424778
44781836
46779421
48023041
39157866
38228973
41363053
53055155
48734467
56033376
54367332
52922830
56017128
52799202
51058034
59151450
58726770
72335024
74393180
97756224
120166614
104984117
120346133
136906277
125263462
114130441
109612541
143197272
122254387
112753316
94119175
108016636
94772787
102064007
35915019
67457646
78960717
56448366
51610205
65504447
57592212
92314102
54664342
71707744
55484149
59725375
79856682
64421483
68669939
51254512
54986738
43914559
48603352
59944178
65585935
53890878
43638050
62801605
58647412
58356994
59082716
38975782
45175289
86499753
46686632
75450548
40121639
41834062
32042356
147240598
175128285
35155218
29429536
34990111
28102041
25315469
31548674
56529202
128411992
30311445
27486231
23670277
23353563
18885521
20221018
18160380
21395588
18905381
17292561
18348206
19688552
21967608
18006595
17581247
17504048
20024631
19623263
16837535
17424201
15313204
8479514
7144249
10062695
8665236
7316029
27373140
24556423
7184106
7177300
19612821
8098605
8217453
7876209
7869891
10088941
10135122
7288365
6790801
7039792
7610221
271849637
145497275
2503947
2898208
2999272
3256059
5230639
4813878
2218206
60795673
216476577
4709286
141538298
4316147
60156649
26153994
13351132
2195978
4517656
12336184
142881653
119468107
4138587
5335160
4240972
2372036
1717502
2136104
1851278
2521088
4090912
4989269
2730290
3092696
4310481
5708888
3731529
3659488
5145175
4851546
3981679
7262520
10665105
9646404
12521632
8300603
6752083
7029716
8601923
8815518
5036418
9822887
8794889
15654431
35882933
20779771
28922422
10991493
18856358
18459211
14012976
12388797
20978911
17170257
20809908
12127092
10633005
12308382
13910916
9586987
8181113
24402455
23637248
37178422
43411192
51566312
33231067
25954243
28535252
23094350
25126039
32873016
26469667
35740096
28513394
25985402
25388592
26672503
24982218
26982895
23290329
26212449
32910719
35259169
29423598
24983914
29761170
29542270
35905907
35019696
79646604
80669995
31336996
22155909
20189076
23903863
22595469
23820053
24985319
23168471
35221953
26527630
40309983
34975872
36016802
33364538
33093024
29963359
27139014
49428248
42842805
35916377
35982942
43556967
32573851
38595307
40051669
37937707
35706964
34968390
34743693
36437962
36415699
41346073
38382561
32227554
43468004
36722665
44421640
45707638
58013328
43045596
43841400
34142507
31673364
37252242
31997960
29807034
37055098
32413049
27363436
33377418
40287799
37101837
38677845
50992871
53596448
42539897
49760576
45278864
40788267
44513340
45851765
45325899
36658694
44176635
66113291
53395410
39535928
55283853
54050068
57933824
63665831
67939110
53736012
53208448
51893363
54046312
68351345
75575447
121715702
131740985
102495764
102290392
84129861
71546145
60157453
61659322
75721779
71583080
133880084
200555195
125122289
101542645
101724441
120414733
122134864
124188926
126733857
104158801
112367201
121879351
146668678
162024948
147613303
159101047
107394271
90928305
107555922
108143657
118954304
102996268
105916750
107240747
102626186
99832880
112724773
196545353
165350472
189017236
205487416
253823384
275833471
232280108
126366107
99312916
181013858
168166523
186368871
122928355
107122656
164141846
172450777
92286392
94557795
289345916
314711953
355760800
287080846
142976162
106109257
59408187
53116016
31785046
45706704
31245364
65945330
125023404
157144835
57612634
26174165
21421598
18772295
20833477
22743671
22920621
22629571
14944529
9603655
11018399
8834306
8676932
8469319
7623568
7041812
8371029
7489745
7866846
6903532
6981414
7900075
9939273
7328612
9670916
7356681
7837942
10016571
9822270
11005122
8696674
8657565
7790468
8617828
10670077
8798375
9883603
7256925
6697350
198580917
330106061
96680208
11452646
10887219
14505508
12425438
14691710
12748444
13599153
12196719
16073025
15142463
14685618
12460814
14751692
14479620
12506960
13140866
14538081
12633674
8452688
8064874
7144314
6716214
8026053
6970412
6706007
6502705
6821643
6751199
8055887
7104967
7074261
7262655
6008575
6592021
7381043
7479614
7295403
9831414
12247075
8778100
15248225
11582759
15552358
15826204
16242489
11408486
7362261
8089897
6063642
9706659
39730246
17948029
22459758
13078374
14275503
13029933
14397084
16176150
12470753
25899060
17626761
31353040
21680178
21117526
13197909
24281814
27669479
25058638
14892069
13830646
13407323
15016690
16856137
21292818
16397749
14909697
13999912
17256374
20150583
23664530
26792254
24423603
21995847
21949605
21341187
22287524
27313849
37854212
21873987
15822013
18868446
21902319
19347468
18304494
18884464
24391893
24509979
28525009
14568737
13475647
14999428
17940978
18445164
24933173
14029613
15000521
16216381
16390106
15401349
16465544
13484472
18975239
19432289
17801687
22068854
23600114
24134152
24238062
26972826
25380084
20823534
24656821
20421284
30551327
28134220
30149671
33500056
33711515
29413938
19440878
23518680
27583168
31277892
34604485
25085153
32165228
47379537
30023861
32166037
31466597
25640968
24726887
21144614
33204123
32052366
34568052
22646395
41632664
37280708
15591331
21474768
19114439
22694491
20235393
16808071
19687222
21996272
13798916
15470531
38780364
44667260
23224696
46743667
46359637
47204968
22439313
45089560
47529305
48548075
42310868
37978671
57354930
69601711
58061458
15366090
31993503
30705271
39793098
47157957
39965048
61792157
37215793
37231100
52946440
46209714
71023930
99467553
122223615
84847023
94170355
126496117
127434495
109895115
154956608
158561830
163867166
129107984
113431896
98696023
130927331
218847426
214402008
222478582
209243133
232979076
274290492
119041247
80858449
133509403
223427219
233303114
210393901
336730519
397083120
192714734
202284311
204098914
127765657
82663789
71550795
52508504
43002659
31275059
53545899
47139390
35758875
29380086
26728385
25566633
25945151
20465349
21643520
23119043
28037210
247016915
73046484
17512029
18089295
19656849
23218011
23535649
23271390
25837175
122318973
28467419
21719377
18432240
18243177
22228257
30284851
31770217
18731089
29404919
24659036
28808270
27492237
27313712
17079983
18943575
20139444
13817393
33268325
19721140
32117210
26491782
42566765
37453363
30558053
56553033
32095249
40597066
22574225
18395265
20767894
7062671
15101214
8173632
8490808
7531783
8265662
7960352
6079420
5700139
6309827
6271358
7037702
5681947
7171574
6964680
6992674
3894008
3955142
4885882
3812661
2895279
17245990
31300522
30307705
23469745
32299856
29696187
33828449
34081707
29670473
39111799
22761742
21637970
19283985
34730953
23832740
4058965
2124206
5275716
7817808
7517503
4609294
6265245
4327239
3645915
5139875
4186563
4628769
3346927
4925239
5996467
4554606
4515015
4828232
10056363
9738345
10039237
9294472
11885728
19191466
13236429
10347238
11319476
9807349
16838997
13154742
13925221
8416257
11176394
8504003
10969526
12645311
11931772
9626760
11873621
17359239
17215191
17332372
11687564
7969191
7351706
11290291
11471095
19759586
18985489
33396850
37964908
28969623
48961795
53817328
23743320
16050816
16027440
18862463
27606100
25929431
20763207
19655342
24176800
17457490
21984299
35211252
30864295
31210755
22630229
24111383
19508002
14469121
18865209
16167290
12198676
10123566
9974467
13383522
12839011
8442407
10103210
9000388
17212566
24960225
43492769
12434605
8769491
10458934
12986947
10831418
23065023
33628923
35555966
35138277
45733819
35080520
42543743
27103711
18178608
22983215
19442258
20415836
22870467
20413471
17410648
23846253
26597889
28923433
27695837
36570186
34788126
25268749
33088108
38430008
35936663
35062180
37237062
35048336
36203356
35442400
37100568
31884444
25662620
26096960
29621001
28673891
29734014
26917261
16525685
16502519
26712947
29167293
31378011
39063534
23411699
19722163
21446062
24187118
22843644
32185560
38160360
42758039
61287465
63742500
45100025
43883495
39595799
45005302
56242560
63615689
63274459
57595053
81287187
70060163
84714200
98238723
107704586
123863943
113355159
119292068
121338324
120861276
120804515
122313044
163836745
215095364
139538917
142433695
166337502
44057264
29033352
243541018
197686695
208818808
259588963
258093922
198024365
282790952
289956726
73945763
48307507
164128001
249660520
230002748
196946654
203674794
118852389
77029136
58892391
31401992
14057223
21285406
15124340
11549900
15853873
16460692
13884444
31514455
24427857
16568729
11664382
10807461
9161193
9479116
12660096
15510547
16756672
16837458
16327129
27204995
21481381
21019235
206269618
111026567
17090251
11841978
12932120
16308122
38709840
12987045
13093371
132267388
27389870
16701371
12772996
14721546
11417152
12307125
12309623
11141944
10898007
12053487
14178508
18879153
18778920
22084225
22908963
22153497
21501893
23831145
24522509
21930535
24670609
25357220
21601991
21806415
24397794
25350896
25646573
29790936
24093159
17222710
20819432
19553448
19127383
19495636
22965275
23266319
24761373
25082557
42974326
29104905
24360225
24587064
26145225
24038807
27100807
31423920
27016042
25917359
26558618
30011810
23730946
26118093
29868701
27728166
30808103
33100421
24483545
26179524
25192991
22993321
27979614
24349451
28445864
27614232
26244764
23620790
25482688
21137306
22993270
23136604
21719543
21338168
24467377
23152931
28884370
24813749
24528425
20797753
19918158
20975938
19558136
45018856
60641597
22236004
23257172
20878326
20027001
25056903
21707701
17849041
23052815
27699330
23466334
15452797
9579392
9382098
11582386
8852872
16878922
14128505
17671274
20050274
21307211
19491696
17160438
24122718
24674893
25745805
26665219
25627441
19130089
20348430
29606229
20045525
23800321
24072835
26541164
23830541
20868892
31469154
30948815
31979500
26432295
24692221
22601981
20983900
26967896
29130718
27346031
26200694
25835512
24615092
26713564
26496767
32101409
57289623
53382793
40806896
67822217
63630510
72630184
52099663
28158420
35305690
35993168
32281203
29340123
32269688
36408710
35035327
34469255
33832966
36562794
39936777
35867494
54738005
36617559
41798725
51766002
62548044
39247205
33097949
34540202
31497787
30604505
34010103
36751590
37606113
30430798
25515011
30062832
43438911
41759870
39613517
40146244
40242622
43162099
43894637
46259695
45078747
42136583
49756264
71581814
66016014
72294103
96858442
92830802
86896936
71721458
94504390
100891692
117289707
106557399
118481798
119628748
111316115
136176936
131829439
164011213
169943327
169824894
147057152
165829675
159657520
147176708
150025848
139316332
126699269
122512744
97804994
147507745
163777836
122657396
109518368
64145479
72708094
65562453
58132482
89120043
76872224
76992410
101323721
106011654
91132335
81842895
70229574
84660235
119679261
120947845
107863994
108040322
99458655
140922358
166982278
140821789
72658089
60765061
84333986
110710162
107909076
87828621
65045807
47598562
55837042
80742243
79680758
84194951
92072067
56580530
61578255
59837665
63775305
57823061
51113348
50704916
45362863
46104911
55279463
51071099
60538811
46276417
17161954
14648629
15681867
19674854
21359175
18877825
17976670
18594026
17236506
16697096
23811003
33881263
20753657
14806724
13763591
26472749
24184121
208632759
118337193
25267978
22483225
23689319
25610154
22821372
23656393
23135594
107046779
40753680
31805701
23197805
23874769
24141218
21700675
23541438
24506762
23549189
22688819
23602947
24317690
25978095
22375842
24478407
21436609
9511035
7954147
9723059
10744834
10893806
11920963
12224819
13486418
15795800
14216354
16571589
15272829
16111540
14297684
16075159
15563397
13467790
12826729
13621647
12734151
12649893
18492732
31737608
32252469
21197031
14242404
11552998
10835949
11335518
11043486
11727456
13513353
13428971
13124220
12572884
10724996
10082254
9196528
8345106
10883607
12440239
12396141
12725116
12990310
13644422
11437556
10808467
12940594
12507938
14860629
14715831
13162929
10997202
10938677
10686480
11412938
13517822
10265676
8484753
9503262
12294475
11870334
10711853
8432864
10537071
12781468
10329320
9131221
11282245
11735680
12493556
10978500
13486160
13756434
21705257
21901667
24979336
28561617
19531076
19176180
26828640
16107864
16114940
12110283
11612858
15552807
13088307
15690941
12358829
16605025
12205274
10152838
24963332
23706308
31160060
12460262
22842112
27494469
30956694
27729738
26835906
30123409
35343154
30450213
27872448
23022887
25001823
26893768
25152213
25047295
26226228
30083219
23949610
25229104
27152700
26592870
27115656
23564302
25576831
29447891
27850428
29025520
32092618
29635368
39574479
19709492
22382676
32430279
26721961
19506378
22043837
21196090
26939268
28520269
20269322
9291397
26220506
8042150
9283879
11374332
19009012
9155588
9477136
9933788
10372805
9312682
8015052
9248184
16217197
54368420
47514625
61775920
67703555
54018658
55931197
51352643
43213318
60085976
72100714
71891546
64119923
79710114
73110844
74985089
66175447
61238627
57187129
43492985
37700433
45201786
78790042
79620079
81982451
75668983
81692001
79973045
86450716
89405644
98624048
115431008
108222791
90904104
98153572
159063835
405082459
425518942
402775231
252176440
243370441
223178191
197887728
201133721
233274925
254600680
254759831
287917059
219008473
358340176
267927128
208036176
159313164
230299109
197276897
282842121
425027131
301964143
370397776
413610592
339228503
338449940
185212019
157665971
182482829
167996870
79247410
160216533
66915392
84053636
450214623
79268191
123110060
80944087
72858486
50614106
67852470
55938642
49428021
53609330
48386059
50558203
52902969
62311211
44611237
43633098
43198017
42358730
45172818
44882483
48879253
32729787
36648568
36738421
35080224
32727524
32025622
34517804
33751893
35262374
37850551
30592617
32894845
37077097
35279348
35187982
34758265
25728767
27042137
28828374
29083660
49989585
50077945
30898641
256090216
108410237
56947750
47290948
53833296
71914178
91045981
107017862
86825134
154709690
155586996
115783985
60726430
32429781
43424041
37360220
40567891
41747307
42336952
33256870
28686688
67431106
108072307
55824668
59240777
34277384
34230131
28559541
35585986
27459421
37183932
46214877
28404526
38605761
43291462
58781235
33818981
57979378
54897054
51171618
50047102
50088914
44100339
45183387
48032845
40553386
18852785
14977625
15681931
18137941
17745434
17743456
17550590
15971234
16454110
16523624
15272911
12710985
14500896
12937200
11827092
13419554
12369160
12759789
12669474
11572484
6586249
4938780
5683297
7423534
13610879
11862604
11249967
12362326
13423048
14532936
15900530
12095810
12120249
12748536
13593941
13529029
14714771
14332002
12677845
13640432
16823704
15055306
13639166
14292944
15062750
13855844
14442599
12833046
7938474
5022518
44736099
17687330
4222494
4081230
4504282
5161860
4546031
4197498
5025522
6576730
33858660
19097142
33870978
30109207
24695649
30447618
21437477
24175054
28576215
26164068
23713021
13613979
9163663
5727841
5294296
6655544
11129481
29469837
23502417
25940247
45923404
14655718
8953712
9200909
7872403
5827884
5911488
5752803
6249752
5854263
5571031
4945772
5462946
6060437
5681653
4989525
7266737
5694058
5702570
7810903
5716093
6369868
4907386
6955263
34423995
28603436
29476633
76075866
21096467
8278431
8731930
29535600
115663215
165762616
69605976
62058239
41728060
35387608
45057318
36968468
40445204
143095175
35715371
47165395
54525801
59186702
72117041
22008972
8278932
29133267
218487094
44843802
45706320
33948537
8280976
24742124
225108551
54890809
50197660
41101224
52302724
64556380
205737933
195233421
92995816
126558706
88763792
64541454
53254341
72647153
33905633
26316783
11902668
155904164
370262834
573207720
494690493
303568888
40624807
51382115
38378258
18329669
143022601
43869558
170071822
252763512
415356469
529238626
355442447
36402922
27657228
14931008
15289233
33421414
331837563
471557596
446805934
451152508
37481429
31190333
34305527
39132965
79182003
33647948
35257118
12363415
17753492
201145766
578563051
571276957
69050689
75538612
234015280
173677262
34729564
29145765
88842674
14317636
42059790
135292735
112138524
128491761
103729719
186977454
71235244
81993241
47700513
48060659
46576432
45352707
41334851
43122760
51035761
35764736
32418086
34552739
36956070
33690575
29752511
30897790
26123715
24240142
30710579
23333306
21497754
25053005
23749305
18881601
10222532
4731666
6244767
8617607
8174369
