20563549
14061690
18286530
21268702
16111364
16494155
20127435
14500171
9917244
10721094
12844713
10419258
7925130
7093863
7439394
6404261
5848728
5773410
10111499
5238111
8262331
5033917
7535606
7554607
9414647
6464726
13532276
14762437
9371280
6095889
17278612
17679647
32456768
8893005
9278869
9044096
9918956
7737467
12257797
8391285
10262990
8061998
17350302
16869031
24943733
15634738
7044672
7630710
20391213
12058956
12240639
57150661
52070769
8787990
10703158
13390911
19405669
23513884
20447979
14736797
13011445
18194273
13665810
13399475
17728799
17964492
12498090
12792545
10198653
15289596
13695326
14570861
8777837
7891265
7333786
12646995
13989829
10882581
9527333
8762723
6264189
9103773
20116656
13274715
10809672
10588028
9640230
41108763
10909577
58273790
17856411
27359086
23404655
19026616
26813307
20948697
20448427
8262191
8580171
6768748
8731638
10342138
7671498
4998131
5668294
7202553
6010860
5608388
6830337
5649193
6029191
4280173
5292995
5000905
3610028
4696020
7062530
8251520
4404119
4884710
3998823
4585235
4403835
2963513
3050727
3791675
4911634
8110947
5254195
4763858
3369458
3890768
4090588
2914611
3887119
10280294
6001348
7175934
6222419
8548788
6617012
7451963
5435036
17066699
14299063
16721866
9225081
27255920
20345114
10961802
8893249
6585697
11344382
3376554
3890043
5092984
10312153
9782817
6520322
4945403
5472837
3509171
6150930
5989351
6393143
19589801
9588801
10335314
7399137
4800943
9527332
6596819
30726483
9740925
5697747
6895638
8398174
10964610
19666206
10942573
10702700
13455247
13424634
11220011
11860269
15574821
16097492
14455786
16988820
17483782
17513364
11035572
9542199
9875281
12338363
10847936
10544392
11485813
10519738
11215686
18163205
9704832
14438839
8979693
20140630
16857845
16143531
14648268
14963499
15692013
19842385
19827295
18207301
13365683
11433577
21821171
8267741
9563916
11434807
11074625
10551776
10909248
9045378
11267095
9210563
11843245
14646855
25714244
21944406
16611829
19097345
14885836
21990559
18511972
14639654
9415101
8613612
8680215
11749862
10154084
10081737
16054151
14928851
18079718
9761207
9758275
7623769
7825287
12280899
13323738
12054310
13214794
14421603
21091431
13283751
16508886
8031520
24663353
17632494
5363590
5926625
8194097
5019520
12663676
4651671
4233326
2583054
2474352
4481513
5907678
3831701
7857326
8880520
8577022
44116802
42022071
41239352
43917958
51771661
47607329
41111804
9966301
13432455
21965131
43971998
32526465
7776152
15835729
28794076
26371259
23268664
29226344
33552137
28935382
35999839
31213869
23562250
39019180
10082226
15615425
30235781
13241987
9433815
14144058
16261009
16929532
42941657
36183799
26784077
45143935
35556542
17768335
17701331
22677685
124782978
191362145
198404798
199585309
184867273
196321259
194608260
197840899
189686735
194161512
192175209
185983481
163904012
183458583
178974006
186877366
197765881
194179862
188521563
175385058
75099690
7341912
16800484
20149132
16717817
23342594
20423250
27583231
22513473
22585670
23652831
21203254
20608294
21078424
20816285
21907625
20193706
10406086
9429404
11805427
11208074
9732056
13367861
10055817
7471267
9687829
15125031
17393767
18795899
16081309
17578343
24575099
17231866
16303424
13905731
18142654
20623117
15502208
19252992
18913139
19952733
17368075
20675918
18389722
20127536
18230295
13351989
13773858
13960631
14511076
13911822
13746706
13713309
14915541
15891432
14797335
15751289
15655628
14991523
10153593
10127207
14457434
16198192
14452133
15541024
13942449
14983425
13089015
12742793
21096461
16595384
15776230
14890711
14897858
15052756
11371801
7489852
7967515
8826585
12029599
11949247
11608873
20320285
26190234
15103591
27512331
26267441
5176439
6618888
4627756
2952616
6992140
4699288
8018621
5639374
12938840
12727665
11688091
9385111
25268440
11211985
2872130
2911381
3793590
4162641
39511439
12592192
10593523
8552826
8984715
13558359
10202057
4783585
3640757
3759606
20328466
5104276
8246903
15935132
4428486
3112532
4478161
11445799
14270252
15023668
15978267
17628683
16799793
19763125
18921841
18297950
16663646
12052323
10501200
18344803
14152727
10158052
8915193
17338998
11865728
12292895
14601426
16365303
12262471
9893795
19008932
15646002
15100874
10834569
14706264
27817106
17967221
17154895
14830311
51379489
19517376
16620472
22714934
20517295
20884268
22974500
19938568
18935826
27037006
18793223
18564456
16606203
27974051
22020859
26977246
21121657
12501857
15912917
15934672
17102284
26273992
16882400
40570822
22785103
19917940
23115273
21948290
9869831
11239895
13203189
14165386
13353060
15233059
14289530
9720764
12935190
13394377
12109006
12478077
14530764
17367074
16380990
16110339
12555159
10964835
11360040
13293516
10839782
7687790
6330747
10794205
6156764
5169439
7158605
18651753
19139798
14200699
11470122
10543781
9084334
10473162
14425445
12484084
100982680
187489409
195857039
202530439
201503692
183090445
195469162
73834590
12292513
12864160
22063768
17113380
16682672
15899860
16797082
17557175
15092366
14283503
16376145
19472562
16879381
22339148
17295088
115748859
207625673
180178192
170786627
184530976
181402451
186092893
193183758
188685542
197030412
185834322
195853684
194538278
198184591
198649205
203741394
211751503
193879985
203505743
194237434
66616583
24732813
20161986
13063840
10868116
11918959
10490668
7835330
12020156
15551223
12197605
12290054
9547833
12789987
12056083
14619201
15831131
20822570
25733323
21039194
19075589
15437965
13436230
20007562
8785402
10227837
24753122
56688472
29809995
38319607
19393705
24130535
18125975
15950485
14616039
16172159
12365390
13134011
14130434
13544230
14824484
13784905
15522649
12755640
13509767
11884716
11417113
12261175
26137888
36008737
40848319
40194992
46979907
40548425
21623381
12678513
12654102
18309886
16484819
20677714
14667746
14929802
20132220
16725445
17962978
16359399
11167582
9061193
9134962
13254890
17827003
15390987
17983984
15119151
13617418
18936011
13078605
38467957
31047541
22623097
28280260
34723875
36289065
22456612
30519734
33173965
32347101
30327304
36453800
37369156
28125757
21376002
17620456
22524487
21086524
22555692
20133164
18789998
17299063
18165377
16907265
15875615
14858128
11330987
8430431
11646310
9928400
6513179
6656879
7658209
9315875
9075731
15147585
16272361
9104799
8533324
19679722
13622610
13331794
10669541
15946893
9256763
12460181
14304993
24931171
17431139
10829906
11689216
28193359
22950970
14393291
20404531
24114183
16359685
18153926
18940405
17986748
16072552
14710324
14807679
18575372
14377318
9006327
10842427
8364401
8797173
12792252
7156282
8699139
10274291
15667706
12627667
15613841
13734137
17526268
16472124
15970888
12639357
13904467
14332987
11292621
11602257
9558821
16496930
14868967
10579096
16035326
14941448
11877213
10493870
11683383
13601687
13328732
8659054
8701112
12637894
13701505
12832236
10283994
8846593
9177015
8750690
10556869
15085039
13947774
10637851
11430657
10455957
13750172
10952900
11664361
10193700
11470994
8163449
11304117
12210338
12654421
12599178
20173970
22706508
14320382
23358509
19525128
18695112
19751899
20170245
24417953
21054757
18807422
22781893
21274624
21603525
18038510
19938260
20525069
14843607
20794729
25524886
27215990
18440119
19629021
20532312
16686092
19779569
28767043
21196363
24494292
24930166
23060378
20655313
19182598
21170109
23024180
24231062
31254053
20514459
24572098
26498972
22977770
19527468
17442587
17954373
16804909
15639232
17059014
15588618
14750976
15708031
20362575
18725092
18468015
14380671
12598408
16755179
24816796
30609080
22285576
19522968
16392691
21980882
28876518
22618470
27976492
33927027
28593577
20849427
26660130
16472522
15556545
19104283
21435420
18889800
18210230
20413819
17457673
17843384
15376561
15676572
19812047
13078612
22997533
28597472
20171298
22546913
19354963
19724378
22716258
19981195
21901428
20636985
90967636
170713923
170858369
150644749
165536776
162067201
159396172
205969867
160346403
276494975
355703949
301157838
348058935
197195989
171770842
164855216
169022587
181732670
179037840
193576264
195288833
187530847
173526961
182269076
173768977
150021723
154208798
157498607
142392209
37524811
16034053
8122982
6397186
9036374
13580430
17926986
16372365
11322430
14980596
11149140
19954426
24161786
20094920
24396850
16626431
14555996
19606996
20958263
23014056
21014339
14516537
11192292
15022778
16371466
62947591
108752322
58756350
36160072
47480553
51970053
48562522
22794044
34261481
26995825
19812845
20952588
9070727
10084562
17527114
17476567
15792079
15143351
12955907
13455967
13206372
12328252
13953955
14866181
14052837
12833295
9885517
5659740
5897511
6752463
8566517
6558208
13014048
16099374
15370281
11630951
9642255
9114813
11350844
10669955
7474153
10512449
12059363
18654435
15849229
15283123
14143752
16408712
18633527
16035447
15452150
10674194
11252222
13184036
16487695
16711304
17922964
12639633
8175190
14762940
8725470
11525573
14625155
9905213
9239972
7809261
8786125
8490212
11744267
19923573
17337519
17793946
13245577
19442658
13034894
13400633
11966600
11729191
16039577
10833522
10203313
11438621
8376403
12387112
13083342
11543106
10059814
28454599
8874868
14523473
11151450
10548100
9572915
13988320
8381308
11537300
18263616
11014222
12174920
11892785
13102263
17763195
11272994
7103722
9488919
13146211
26275061
15448392
18697694
12669751
15799993
13901326
18141978
20954137
15938956
21033796
20099414
21567237
17876916
15962448
16728575
18788894
21956462
17566640
20443827
19124134
14880684
15259156
13131460
11339344
11807842
15684315
10394557
15463416
13184585
10206483
12224836
11039982
10763237
13145540
10010838
9875224
14761516
11459871
9541981
10577312
10192426
13270172
8338807
13028412
9916730
15382699
7332310
10692119
11941298
14704396
17628225
17180631
13306362
15511546
13506391
15039899
15863109
17110942
14628800
18440124
18353930
21620886
21306423
16913136
16724161
11450877
12535177
18262067
22038716
14915699
11449063
11310667
14581446
13372449
15130919
13541672
38904232
45822213
31106271
29031613
21477211
12729910
14498895
133050569
114506049
63702872
141242077
94073807
96565170
93849208
73183126
72632408
33427187
114038188
149883183
198401705
187272590
216555166
244081121
201000168
231240626
213735716
300276877
201475814
208195396
195449889
64536943
7911515
10440488
11509325
8399756
11066339
12021031
10337056
11975895
9865171
12435604
17999613
27894688
23020379
32926189
44606815
48024863
29816911
52861455
39854028
26351400
15282242
32816302
31182315
41384673
43394092
27029567
13433007
12937348
31606500
23568025
18025528
8512425
13789621
19773490
13276611
38207764
27897069
10392158
34280998
21699568
23156920
23743048
14606213
11109927
7710617
10849191
17789702
23593442
25758187
26662240
31051145
30988026
21626152
19751086
25045490
27814948
25554740
24631120
18459542
19737757
20080524
21865784
23603021
19842024
17966549
17084049
20338043
18302361
16450718
16071299
17179092
16851297
21888293
20938611
23729831
18815833
18200555
20265222
35746426
20504896
32097503
20529305
19472031
19359657
15823012
14699175
14632583
14233399
17616444
13173077
39657321
27801279
43531735
43476270
47625736
43973112
44250900
22897192
15765041
18006738
30784069
28730971
16581900
16228633
18391555
28846307
20947341
19003788
15879748
18791311
28531882
22370497
25557397
19436595
20390364
26537039
18234648
18524694
18184290
17335505
22135253
22927838
20738440
19262927
21292349
22165001
19031758
21316720
22865843
24288858
22154712
25374023
31480356
16459083
18787479
12482103
9540938
10244140
9831693
9724127
10724444
10607791
11922440
14897132
15190344
14429883
14130094
12723154
9089263
11585305
14018668
13662063
10022924
12792906
11001969
12810959
14764616
12985756
14551320
13133758
13464032
10633492
8588870
11753596
11777504
13400698
11402864
24367731
22695443
21407920
12351599
10877779
15453056
12581227
8731875
8889077
11623903
12177690
14017077
11606310
13667365
19947468
24397460
19591088
24471727
21280629
26895687
15084963
11310811
12412335
15206448
9456000
8107978
11076596
15782307
15631862
19830723
22772697
18698646
15622589
18318646
17874329
16989932
16797180
18057513
16727140
17242607
12512413
12224095
14320930
14188910
16855545
20208166
14226397
11865740
15123223
16366062
19686114
29793047
23515255
19743987
19485262
22554868
25539453
22442442
22702690
27019937
29112725
30275160
35201566
32243290
31105653
33815351
36420373
40039982
44446443
43327872
27302477
22361170
27723713
27849355
26611490
26950214
26241618
28965315
23584296
13941799
25884335
21490284
21219516
16314576
46617404
23050100
32401793
21801058
23462157
12888759
20219460
26094502
28343251
83616833
124758403
114771227
33726055
24462053
27187453
17874674
24111969
17684276
18162832
16231710
17815320
18612700
18790660
15889029
12826326
12136622
17541893
14495597
17544183
15278605
15645987
13944679
14826940
18837372
13967273
18148025
22097067
18037786
16814423
15774267
13790990
20255541
32263546
23459479
16632521
15631224
13673403
12841837
7888438
11125748
13065629
12156548
7290195
8006547
9210385
11900058
18189840
13896751
9993920
8580523
13807084
11869553
10076010
9848983
7862593
6957916
7507326
6698096
8963011
10394911
4511426
8851877
9457707
6050447
7189784
15380318
4560497
6776831
6246101
6950150
8567287
6708469
14610895
12628914
21490785
16060872
21127474
41571098
19669622
17331161
22620950
8436718
8544111
35455868
56640758
59693184
45378974
43897247
32216808
34549999
8416877
8259790
10721077
12351400
8097368
11019765
8788162
9467522
7126958
7939443
6800563
5425945
5787620
6698237
4247552
5119936
8757781
8458039
8030205
6192484
5298084
5178447
4780561
5903976
7735677
12842791
5623744
6816198
4936037
7380746
5730525
7936451
6268011
5623928
6293377
3718943
6619482
7611046
3951310
7940390
5808437
7292306
3731532
4305861
5170933
17829564
7078938
4405096
5532454
5134795
4268054
5464608
4269997
15422569
7437366
5887314
5589126
5104098
5131576
4535427
5488067
10588916
11194477
11424547
11083197
13055450
9199947
9396730
11246335
13023649
9476162
13149289
8851026
12131375
11519157
11077142
8013184
8606672
9161482
10535750
7615424
6780612
10270916
11144860
7471998
8480780
9359529
10430357
15663950
10167781
10311253
11786185
15240009
11511987
13854770
15719238
16800827
12467835
11147004
9691409
11370422
14384050
10873188
11660783
15499352
23715623
25926096
18672640
14613264
14423458
13152376
14412952
14750338
13040076
16807614
12347726
19581094
12632020
11026226
11116256
11587890
12766634
10121849
9245231
7546416
8638111
10024419
16089447
16257689
15418822
14860444
13051518
15684192
17802450
17914103
14207268
22369889
15132640
15556495
17635909
17451376
17062008
17310764
19244962
19690744
17255647
12113981
15700219
25772492
11798944
11502813
14801569
13892878
11981850
12488919
16502626
12158606
20044743
26113963
40137368
19766306
21173405
18566917
26624074
15262197
28238492
14657644
10807977
15100951
20797894
17561952
19158278
16883157
17835055
18750966
14103849
15041880
18250672
15964744
14452358
14524507
14179492
13034054
14417062
20111962
21171875
25716887
22864998
21788361
22469141
11134233
27177592
20154650
15290198
14542266
21071886
21264777
22365503
14990678
16927129
17091386
13075585
16041272
17932159
17167998
21493771
25757690
34536645
35879904
32655419
36521687
36964866
25847962
33663423
52905068
88695535
97583278
99782778
84641806
48504340
66119726
44914801
63096167
44622429
11541607
19060672
39247882
45002585
29495122
22357811
24574759
28208537
23226128
20119648
19623531
7258338
12523042
14961301
20279842
28455080
38049693
46705721
50017958
45771702
51913002
44471923
50038167
47945436
44170005
34119650
35465285
13664039
14040451
27930307
45109840
14461214
12509338
7890209
12771794
8354927
29072190
53349606
43737584
50767630
55995624
57102688
58301896
50923019
64538963
22496663
17347335
20595711
20563464
24783009
17261551
19162703
14416788
14995942
15784763
17936591
20382574
58821135
87279118
11833479
13795290
13280809
14718320
13490371
9374392
14091162
15758439
21958188
9199409
14117659
14315777
10691734
6592153
8045624
10148157
10249677
9674040
9538634
17340680
14580641
11488281
17492827
17880905
13044691
8141418
7688565
11202219
14314242
15178793
15718806
7592448
11024417
15066646
8514122
9620037
13503420
12183855
13592055
11576382
9757505
9692488
23770738
16328268
18308918
18017264
18410281
7486146
9643056
7927022
10998754
7548395
9842366
5788015
5756263
11960753
8845575
11934175
6985413
9192035
7785182
9588377
8407608
7746942
8046620
6427257
6808555
6884408
6317802
7489319
9642439
7064349
5665596
6242290
10199815
6008309
6463696
15774295
6972565
7940830
6751197
12944033
10914226
11832503
7215276
12992877
10283955
7630254
10617036
8996683
15414906
10523935
11943788
8680667
5763945
8499416
8715425
8547705
8889851
10871754
11003783
9032088
18752694
11478225
12100902
12570422
14137004
20707306
13788075
14040365
35683825
23754426
16596118
17458258
12474853
8585674
9494257
10698477
10534529
8756731
11729250
13301464
14303704
11634420
14462576
12647768
17670878
23640012
27810917
22879305
22374938
27673803
29147395
28625933
36903783
43034707
20572133
14694740
11727714
11264941
11245718
21617168
11625245
12555024
11443171
12372911
9398280
6543401
16838874
8459000
7905450
6423471
11051161
3102932
3360255
8771527
8919668
7695616
7813641
11859924
7334470
7941623
10220713
14470818
8548307
12000291
9088138
15967466
12963614
11883692
15941807
15772797
18681082
15011074
15918034
14435792
16104364
14428223
14424032
14079872
19862388
17253772
14325950
17647458
25018685
20722668
18762219
22620252
18005459
20697836
17475117
23365150
22553204
17176470
15429327
20970539
19965329
20020790
14824365
18196909
15716041
16237292
10875412
25082079
22109202
22196404
18836526
21041515
17727840
15776656
20417160
20251766
20133017
21820651
18287721
12553527
15353602
12676835
17460995
15534765
14186084
12768909
14920667
12505963
13429438
14436820
15249442
12363582
15699012
9675308
10479271
13055136
10097339
11765590
9104754
14459371
13119430
16023123
14138102
15308215
12578379
11826017
8838781
10033575
10259434
14664138
9162361
9745078
12443691
10498573
12681268
13331678
15213455
11986011
13783426
15569890
15591211
24845813
16537414
15694867
19207364
18118632
15340080
14652122
16373266
15137802
15944405
14001171
12561393
14358897
10538012
14762989
13031300
12601035
10566597
8004186
9724667
12821197
8108974
6091474
8190455
10899808
9700777
8976075
6065840
6239711
6142932
8448921
12859393
15170291
6857953
7525449
13705586
15192367
15823798
18340075
13127835
17920785
11946925
15054956
12461891
12683172
14183038
14669312
11487597
15494401
10865324
14087258
13332724
15879408
14660513
8973851
13415531
8618057
8942306
9827930
9356479
15506940
14753865
14326127
14913714
15454964
16537240
15218355
14396546
14337770
14937482
14734067
14828748
14859621
22779417
19524188
14842800
14406251
15400202
15284727
14822112
11818647
14988201
17183541
15483876
13431935
13740114
13888748
17087477
35219197
20935135
23431823
29359875
14415864
13127829
9127492
13374321
13421739
8166877
9639818
8208819
11024455
6475959
7283700
11507060
14821275
17619407
16491474
21601568
24970791
22742456
19545323
22180978
19181325
17316021
23302697
17059519
16881174
17720913
17717058
14712695
15966856
18730417
18397995
15256118
14573824
16134545
19930569
18336639
14251184
17265534
14159197
16673853
18753682
16543741
17502251
21712591
23135762
24133066
27772721
22405005
21859206
23304360
22493410
23257296
28023230
23006743
22405133
26722402
22827504
12766468
13073549
16370265
17180011
17403502
30253054
23053307
45632950
36681577
25324793
19022145
6447215
13566091
8119914
8722979
14718837
17298246
17502265
15735149
11987058
30086145
25495527
23580817
14771331
22508343
25746363
30765730
29794399
21928973
21730201
23986770
23008679
22528500
21726503
22332523
20357602
20523092
21788586
22798295
23846498
22829302
22195417
23309962
25801994
22851082
23413113
22452906
21158854
35663297
31367839
118654597
50245134
22760783
21255385
54449095
86017370
92498407
75958154
71983120
41320838
74916487
67204508
27532179
25829160
21809420
20574424
21309049
19176066
21548235
19775126
193694216
318310828
159845912
33069722
37537612
26140199
43512158
28407479
35994186
61615552
72776106
64123732
84080550
81689044
83978724
59013413
35283254
31643274
32781583
38518357
37844684
35976768
30577579
31645236
30600949
30789738
38118042
19829516
19120989
20024356
19632016
21449363
19105673
19618499
11227284
123486526
19772462
10224691
16876570
26815153
90959600
69771086
37989737
36985112
38058709
33129031
36059361
30911535
33528536
31644777
34777147
37750837
31620889
30750519
36966601
40115247
42206141
41242025
27408775
30016085
31271464
22673593
27266260
28005698
29952278
29980319
26871593
41880587
36783108
34408587
33963513
21495606
21136581
25994255
25730305
33927697
30741755
25441764
22477063
27284402
20928124
22610150
23365836
26120348
22399662
22155545
28493050
26908895
24292135
32237707
30377675
21846031
23244402
29977554
25484371
32373447
35056413
30477140
30297749
23817760
23514094
33654002
28439146
23551462
22216713
24141836
21626178
25742365
22490740
24364556
28864400
31592334
32386393
24610218
21619331
22694218
21502691
19057596
19081218
16429906
17035556
14476468
15678546
19497942
8639633
11735798
18154432
13291381
12341400
12052430
12670993
12545799
13964004
15170122
14657669
14622013
15286641
18106882
14618273
14613793
15388904
15784606
15832453
18266769
22395792
18442539
15444144
28196446
32570587
43333593
35020991
30153705
38561224
33966597
30678051
27577329
31611617
31543202
30424741
29474748
30378033
13049997
13702542
10862169
17829897
19525893
21716245
21241378
15549974
11188974
10363017
9412624
11124775
16328468
19282433
20804618
19115926
19319295
17593089
17405212
24075454
16382668
18127842
14055716
14327177
16049966
13577230
14464231
16766288
16135958
15510340
20546136
16812166
19891070
21431406
25311505
26867767
17688829
21667528
21633107
34316356
40974529
42946056
43356375
33411035
20104434
19136986
19513596
19181295
21767099
19619000
19059087
18925231
17922798
21384069
17363174
19877507
38485339
18244329
18536430
18769088
19011170
22059184
26351488
17271499
16729363
19672631
17393969
18494852
17284859
17289046
17824667
18984480
17402442
26161626
29265384
25337027
23476934
25227244
24088172
29623845
27687405
29452869
28519847
21995484
18891398
25889134
23848406
25873908
30339576
38508568
28139913
24943424
23135948
20992556
24485813
24095338
24375146
32178393
36312110
31458460
25848842
45036249
27343775
25656826
28021389
24326803
28687242
19425372
20885873
17317069
21934148
21060326
20629259
21989038
24399785
19378397
18848620
19443437
25491191
31309170
26830449
30057124
32334858
25677012
21957597
36031392
39916854
36678044
33368784
58428013
59985702
42414889
28463590
27029712
29904584
30692338
33897870
34589472
42900217
42543718
32471822
75285537
36639466
44080076
57295584
73800869
68214492
37878395
34428775
20768471
22603612
39526380
66273532
32616543
68109852
24246485
24131158
20209680
19575924
30109356
37389039
44445443
30489920
25377589
24255287
31640672
25434367
21084456
33394372
24010513
29085954
38765331
20113048
23165951
21770877
25046175
28437249
29636495
24283736
28841411
30235249
29389083
30286216
31670684
37799610
47195453
41502964
58660307
41810222
50965513
31960071
40654511
42381952
47442061
34438766
54398516
43045827
36669332
36139656
34027937
26851338
26703309
27119062
23962948
19166414
26840741
31648361
35358903
36100081
33799234
32034608
31240408
43781023
36028456
32503186
34835553
32781260
33884317
37045320
38093674
34221305
30058405
29062691
61030893
79937513
94438017
127480614
39389210
25234946
25596069
21328051
19029044
21142634
43659732
37739807
21126156
16846853
16568740
18776073
17583567
20806842
23396928
18304659
17636056
25309677
52481276
70505208
19276833
21985177
35417688
39212060
41451142
53909304
56155602
50845187
48794055
44821856
48487356
41932703
25796401
16009222
13779907
19506839
17591446
19234048
26310697
20868940
20750169
19471243
17450769
18880824
20194893
17384320
31881841
15519071
14765019
17075533
18063317
17493629
20221401
17634244
18754669
15205527
17602035
17858477
20969702
14760207
13076852
18416148
17572797
16296578
18323113
17268352
14017573
23345959
14616185
20558488
23565212
17711246
20090053
22160287
18059990
15985668
19575619
16096530
13301666
15826494
14709246
15408976
18646782
15974647
12757856
19720544
17887277
19082994
18149112
17903811
22734884
22362548
27250001
22550293
15307598
16452426
17944027
24491611
19151615
20106665
41453775
21681717
24632029
19218300
19734641
18293467
20757577
20788354
19353636
10339561
9180148
8090673
11666095
9459069
7135429
9422212
9752594
10776079
11361732
10220369
11207950
22245989
19950905
19538278
21497815
18375314
20827634
22558714
29630597
26495683
27260123
19878930
18561903
18422931
21806220
25424696
24038228
26138053
30512873
23736445
32706975
29091734
21468432
23259471
23451108
18618845
12961928
12065656
7430238
14357031
14716293
15864113
16565622
24660160
10059574
19193102
13845283
8803120
8656081
10251711
10315933
8260939
9664726
13120579
14107948
12728014
12044371
13183210
11314064
14670165
14465052
15194254
17189156
20943906
24300892
19124391
20331953
18787992
20398282
17212750
17019769
15320303
19078964
17123785
13784222
14368814
9883463
13469280
18459535
21318964
13525123
10691970
15457554
10813367
7220015
6354771
5533323
15417357
9665754
10102421
10401824
13728827
13997119
12920530
7446435
10099474
14819558
15220954
10125010
11634757
13976829
7771760
17592204
13069350
7826910
8360439
6775474
7773740
7962213
9457408
5537631
5258622
11065667
10606761
10307478
10877450
26870951
16662907
22631716
12019462
11319262
26138597
25886657
24244361
30084276
21741822
11434727
10389455
11213734
15014731
11937205
8522356
8897816
7343257
8727831
9400586
28470303
17250528
39815488
10950858
13171533
15927515
13851780
10503018
10463335
11914487
14497997
15402882
24172606
21205285
16832544
9336507
17060602
19964737
19855440
22893959
21488020
19805647
31334224
31703271
98409315
47547405
41427885
47015012
42404909
50475980
29072538
26014963
57109468
80242459
51747254
57224209
57181616
12491106
12579491
30047329
37152895
31595761
23691539
17496977
20168512
25420092
25605685
37794434
32306947
32888712
29132282
28980384
39368332
37790924
29353658
35540623
34659661
32024661
30695706
27302860
28191836
30149660
23988467
18570027
11436044
10647294
10785276
13204008
14791518
34516321
34674940
43404689
69149061
83578051
85208407
78833279
74583652
57854764
57529711
51735691
55498487
63398755
81341028
70402623
70740959
68426579
69297051
65673404
69753959
68764251
52134661
48000934
51159086
51085000
48522344
50444707
54059160
48839646
48716324
48272397
50187762
49533174
48566180
50683642
50022560
50200066
50214244
48335555
48951484
49058219
50190608
49728844
47869036
49177909
49585873
49541279
55127974
50448418
50563105
46731287
49692332
48423712
49306182
52947730
48408049
48983131
48707151
50247385
48516814
51074858
55448248
57929549
53082496
53776205
56799688
59582581
64279741
64569799
54182235
52638835
51804584
59893142
54004428
56593605
59756685
55656479
55526979
52441514
50855812
54294829
56225491
52716698
53146962
63968996
60851542
50443402
53279447
55515996
64588692
60148633
55928836
56431004
60343229
70195598
53116264
58969782
61651849
57662326
59073344
53556379
54561564
56288845
59842530
55105878
54113677
53366912
56411959
56279224
54279925
55484156
57206134
51369245
59051809
60298708
61499030
64178919
79337812
69871069
60735053
64432133
57945387
54677337
54827179
54144685
52964033
57117049
67165144
65962218
62555518
66432110
74354185
65407989
63864891
55958605
53006715
53634436
57565715
56970924
54520147
50752699
52100261
55274710
51592433
53860124
51677719
51992239
49082300
55006928
58820248
61326114
50406382
55536685
60817601
62528297
57460502
54481981
58045648
51286888
52665910
59271163
56782362
60103186
52023373
55003924
62577941
61354685
54034567
54024602
62600971
56174628
53680154
54516757
56493761
53298525
54001952
55049501
56947385
54078350
51394951
53648635
58223537
53408834
52707846
56264597
56654428
53607206
64029288
53504378
53289115
50868760
51894976
49385647
53952566
63227017
63991172
54889805
55759319
54630245
55991197
61946481
76776271
66878505
66699387
63907637
74854400
83482976
63876173
69249002
71160937
71053784
59355435
64727889
66056994
57654186
68399651
83449364
101077374
107812514
114935728
107257622
90862541
83318158
85762648
99090777
88719406
59000731
57406603
53153128
50423732
48883412
49614488
58781917
74155330
74775286
72651873
77727838
96372996
102928794
95890157
101719816
90970119
76300309
79850331
60903790
71883345
73735305
72738494
72558684
76384510
78787439
81513486
80256095
78269013
79852740
79927172
75476077
59030461
56955908
57100614
54852897
54457585
59103993
58302974
51643177
50900554
54260158
59347314
57541167
58214400
51513164
48644415
48634241
55480475
47439562
48489206
49351739
47859522
47862780
48513712
47439128
47384176
47085763
50591892
47984621
48418845
47265698
46228781
55578795
49439580
47508019
46887300
48429678
47776525
47634937
53061590
47432595
77260884
60400852
63250930
52322030
47413496
48228036
47055473
47217745
51136585
51814308
53896784
50116499
49581613
48246400
50032448
57929585
56547219
54609585
50872897
47008132
47748795
47716390
46006057
46189577
46426122
47285706
45956073
49029203
48618491
50725535
48979430
48870620
49369349
55173950
48338546
49302259
57329964
58239695
50710092
51126895
53685797
54469556
53976272
54322808
56153989
56569269
49908350
51839029
55402260
51380407
54325210
49263471
53558831
55781580
55905777
52362965
55333830
55770590
59683194
58760195
53239784
49644174
48052923
52747417
48956448
46995318
46579515
49560806
47916682
50835949
49702200
48336027
50383304
48920545
52732911
51194115
53307973
55695435
50101099
54065595
55593307
50736798
56368101
54185339
56608992
56310798
53712157
53585300
50588929
54070851
54802618
54811185
51120796
53983732
51012195
53560895
25816420
13733302
21956329
12340495
21863525
12958472
8915266
8614465
16661544
11275829
10000708
11477951
18377859
21933741
18094972
11435037
17840415
16015874
15096712
20031789
14938562
14297041
21203976
26823349
25563603
18406336
16854567
18466510
19102649
11534963
15394254
11334697
16099202
17917685
15945722
9884665
13124923
14888285
13118679
19105514
23735896
14668078
15353952
15672655
14842122
15842040
23958251
18005645
18965163
21223382
15314452
18657770
15248743
21245816
23108119
13898288
16860962
28058919
25039162
31286991
36602528
29969018
27461463
32465567
24178560
28758080
24111921
21309924
22293718
26869241
26699808
26062540
22424505
24966021
20638667
27054286
23051508
32786891
39161491
23962187
35776264
40254042
50601016
66707816
325367038
142905759
79555332
86977661
80844063
79722509
89757418
59739927
48072544
44480510
51904181
40198826
146714718
33405723
35591346
153429906
51071007
32997799
37842790
30677117
62885431
55279757
63409759
38705106
32292524
29109984
70687921
72695128
39780610
39679232
37181716
24789585
25864636
24957977
50508656
28851057
26001224
28380678
29175672
24765178
20725674
17987938
21249121
19667901
21802399
21471539
25489042
18267720
28253764
63565851
86660355
5224706
17800612
6466363
9398808
9431544
31307957
44029414
43849539
7413988
5925149
3888800
2816112
3734022
3840828
3068670
6562507
6236560
4445350
6364733
6093068
5963900
1613679
1928823
3936252
3222865
6560951
3665153
2015914
2081453
5790253
6211958
2868454
3988844
4676266
3337876
3744117
5033921
3696800
1526127
1405542
1418075
3860157
2044933
4417861
3177185
4681120
2913056
5332507
1896468
2524787
1825513
1873583
4004332
1947929
3345262
2074952
1805853
1599840
3648229
1057569
2871122
3082478
2218902
1709782
2682648
2719117
4883418
3008850
12667738
7904678
3921698
6655331
30786173
29489336
23790165
23198213
18561171
25294184
31262081
36113517
24441015
31987650
16753332
15692844
7028741
7648619
2816900
8956556
12756617
10500301
9024002
17544865
10060816
7943214
16548056
11373965
12616334
10906618
10028449
16991824
12321600
6842274
8110145
7580958
8693169
5329350
5912792
5217111
11544133
10574927
16667160
8724214
10358852
7242644
8316911
7882456
6805862
9111936
7342027
10242832
29471782
12276595
13088145
14318457
14016573
12595084
13434124
12788810
11825659
14557282
19135474
17666533
16447214
18680060
19549958
22053437
26633223
22391576
17004308
15476333
16685036
16855618
14336816
15435061
12042301
12037702
12984532
15665508
13961098
11477019
14535596
16284224
13224204
12292188
18834006
20966470
13353751
13173059
17172341
15809494
17158692
15696319
18129993
19641510
14943364
11749256
15475867
10678860
10873358
12355887
14777099
16147759
14238035
16033976
15576762
16969738
16945761
18319408
20750746
17123959
16578917
18053963
18085688
15101313
15982520
17688629
17630977
18340624
15339788
19316078
26888414
27048100
19006318
16453689
16962202
22810755
13280835
11658864
15524563
15169240
16719744
18863588
26032435
19572287
16327650
10642572
10490778
15286924
11259621
20530648
28643843
17481973
19443068
20463972
24298903
14615718
14526295
12060936
18756047
8821378
9522867
10204105
9361609
11944351
11282415
9002579
19154525
16063714
19030552
11844533
13820029
12290049
16352853
19683131
12316391
14421438
11220011
11409455
9172911
27744937
34293815
28369482
19122867
17849091
15504153
17370128
10180477
34051866
22203187
24943094
23656098
19626080
27890332
34311117
38613019
37969207
36637492
37216079
36417260
49946667
55595115
44581327
33230993
18779193
20664586
33301703
19427168
19663289
20636950
17926242
16093153
23175005
27800017
20988256
17365030
17353947
18237611
23350961
20115779
21501606
15198152
17195587
20828886
23389584
19022420
22025351
20959574
20519222
19694805
40951115
31793892
30408314
32588316
43234676
32427756
25246386
26197857
27840766
37492379
34210325
29291074
23815487
21310115
33187321
22577074
20073705
23402996
26986680
17390486
19190167
20478142
21580825
18433061
14650199
15916612
16651587
20837735
20827041
35935606
29544526
29477044
29024867
29528834
24158835
25324552
28317046
26040966
27285806
22885092
20329415
15982954
19217226
23306943
29694825
23286956
22267631
21725444
21751287
27381526
22128112
22742061
16908392
18646244
16588651
17356519
17273874
13428605
20241089
23148809
13466088
16025192
14427814
16303952
16069065
15050298
14217927
15895625
14669307
17991282
15235620
10454085
12154674
13790682
10447300
14556825
12209857
19405331
12110366
14363718
18207924
12013355
21588371
17294663
14234457
12171946
11441748
13670068
10174802
17939475
14710572
15401177
8930710
13682737
13329106
16016348
10632153
15318405
13990407
9051956
14023344
7266427
7136361
7587291
6667711
7599529
5451370
7580971
6111062
10252941
9618766
12778275
12529154
11509214
11602262
11209331
16791830
11774814
10814086
12538793
17871236
17205834
16620506
12469282
10715268
10643389
14638949
6191413
7406698
7691113
11095252
8204968
4675955
5787648
5221068
9359991
7462803
10950933
10378818
13669127
19681985
16418351
13645793
19319704
15393240
12810377
14835924
15843360
12298192
13976924
14441657
15571750
12449698
11080539
13856711
15750420
16682043
22181301
28141604
19321389
19442076
11525799
11139417
16998899
15744460
14593751
18477602
15304520
15577852
15764934
19278450
18176636
24720859
38508428
38287936
38787768
37430185
35956257
37417350
39692573
43310837
50551589
74985993
122567604
112244477
115641148
80915514
98802355
92138399
108343342
126216995
146370589
206914672
198902774
139519560
75405471
72156855
66527115
35565188
31181557
33022291
32721934
27072526
28797137
46951185
22093880
48681565
44147521
49483737
53240446
44841767
60420077
46014059
71625605
72723678
62105585
46075320
48784294
48735861
49026102
45285035
51475060
58843346
61056767
54413861
46122534
44260603
44444595
67993397
49960704
72577437
44446608
58371835
46191352
50724081
87822963
104365511
114516543
109708597
106741755
112914708
98069092
108185419
127854934
87859528
51838273
37525586
29315517
36384210
30125785
47526388
18511700
24233796
23919809
17339256
11377362
22510700
21919741
27571115
33194280
21086603
20957201
23974042
14372918
12593740
14148848
12595648
11395917
29550655
28730274
28294206
27113003
22685441
20798392
35253324
31625560
33197544
33917229
27985567
29125596
22216650
15688901
17190952
13842496
14451912
12804529
10268449
23323467
20492289
35271013
13008189
36729882
23043923
32543299
25881225
8342037
5751880
6587826
5458200
4746221
9646370
5117549
11402673
16801553
13561627
7258351
5135563
7894921
331490790
183273612
3808800
22689976
17643303
8542932
4376359
7656391
5313705
4827053
14968535
39700182
4009201
2943028
3650336
11280780
12500296
4595013
6525393
6446003
4866567
4628487
4706340
3474268
3091625
3885275
6338961
2892304
3517016
3030918
2582319
8235445
3833466
3895644
11272047
3762295
4658591
3627132
3883667
3823993
4062619
3909407
8048416
3329414
5666941
2949317
2078738
4530110
2866970
3071814
3337345
2317924
2511771
2245467
2862516
3819683
4659033
5798276
7903795
14348349
10534122
20526688
4913015
1561710
2033002
2381312
4114561
4882393
5258703
4842617
4098149
3700323
2040822
5213740
2407835
4935177
5342673
7771593
22965393
8013080
10760122
6619123
11010958
9289832
9584163
8992951
8192895
10974634
12398609
8429307
8875038
11873650
6198387
8150870
7753405
10155979
8540730
6419247
6682808
6683211
8596879
11721170
12021774
11416876
14519779
10861341
10157189
10901211
9452872
12415421
8154959
8908853
8964259
10295314
8964283
10730994
15966104
9921554
15550812
21673467
32962757
31394706
29849535
29058691
32988600
23292190
23009680
38010737
29520471
31146907
26666071
16378890
13461469
12494816
12694352
15984340
14176797
10838736
11449965
14421224
11126633
12106928
10520297
10477646
14513736
20908299
15885049
15881499
14739128
7806067
10636898
10883791
7628854
17461352
22253053
21901750
19169823
15770521
12601358
12581166
15438910
18307038
26398866
13699295
12535152
15323978
15080871
33706171
38583273
39872539
37045240
23422599
11846325
8125487
10795166
13220262
22070479
21244356
27934250
33608160
42879491
40691796
61837332
39812609
41798208
43925764
49781343
34079161
39651322
29839803
25059535
29640987
43944603
30923343
61616615
38939004
29055400
40956024
27403820
38442284
31277843
28515434
19411126
17754382
14601436
12616814
15644711
21030052
21697302
27869705
21343342
19435325
28634456
40927117
15367648
18774528
19655714
11080106
6840576
10239187
7833524
7118602
7149912
7052716
32684623
36932385
27418234
36228490
38044446
27212649
9470149
8679234
6645451
6130373
7477338
6970928
6725368
7472199
6922876
14641920
9280727
6420168
31018729
46281509
40593657
43290144
37169942
38525670
10009074
9751881
14890941
9589272
10081447
8651667
8591474
4625463
6526425
4289833
8682418
13324246
12604890
6871450
10859118
5840109
9473588
4576831
5410321
5847858
5490883
7783879
11320291
5472934
6059382
5835604
26240743
7140536
5748677
5733420
9539739
6421809
6297152
8992017
5391954
5404510
5044501
9512530
8217877
14617835
17813977
8434962
8222571
9620997
14365314
14469428
11945335
12944398
7699404
11108364
13268078
8959712
21846799
34489889
30881541
29231927
19935807
7988796
10931938
7984309
9205783
8126789
9509033
11376181
12375513
9960766
9861679
11490781
8761134
14977469
17891965
19286244
16636886
16378848
14656788
7441466
8518259
8760821
14067475
11922257
10575577
11071287
11347714
13181587
16809350
16378526
24178361
22215882
23342532
48344731
53141300
53584694
60851300
60511805
58121556
56744210
33721920
24260850
23122811
20842735
31220577
33082617
26638581
25410021
35577016
29134187
13782892
11250994
9321274
11646074
11523065
11111754
10689221
13092967
10719272
11439828
12045218
10677155
6898572
2815434
1278669
1303702
3296096
11839949
10435483
7376458
7024166
8309534
18664843
24757518
19351818
20474033
10966368
6155085
10849933
7539831
7501071
8697137
7734799
7147302
10984247
12004618
6051109
7581438
12040441
35049212
47167261
41781467
38198992
30558829
33532175
41304103
45494431
44741409
18331086
11389728
25571306
11689477
16544161
13188398
15871200
13452109
19919959
13166974
12113600
14188547
14643151
17769417
15641816
36477963
22250137
12515140
10720923
10605975
8573670
6907058
7662537
11825027
13536564
9420557
15744857
28649344
10434337
9525381
9145271
9236705
8319195
7078522
9205165
9294981
17065092
10616225
6775087
10869840
13828254
25579135
28537918
20809500
20113726
16169918
14172177
15266771
16074924
13048637
13849302
13687959
15154920
17236619
15810622
19175080
19356224
16726293
13647976
10983790
12174321
15084692
13610760
15477459
12428672
7934271
12649011
14966078
10733017
12170948
14458061
24116049
20961015
19944810
13159209
9292832
16959319
25162909
58331259
13055764
68111292
21799961
14414970
14481117
8181898
23610177
13082194
6037013
16246010
22597664
14821175
22673554
23328560
23434494
17459516
19549293
22240022
20791587
23936142
29094791
48826868
54405813
50399732
41151530
40027195
29421433
36324894
33853044
16528770
19004461
41465122
22690842
24477204
26428899
21293710
21304822
8492178
10790909
9423790
26304199
12079597
14387806
14266580
10431958
8374577
14034960
24771580
20367477
26745113
10887633
9618258
6917736
13582141
10676657
9672964
11429072
10827429
7000027
11764116
12830342
11750458
9047284
15182198
14039284
14662483
9572867
11795187
11190753
8548758
14221365
14033271
12439699
11893686
11498620
12212955
8661107
8789279
8035702
6836000
12005731
16408966
12727621
13683243
14274583
12332318
11236370
9294292
12277029
18343064
18857094
15435453
16163235
17061801
17373936
16113694
15947224
15351897
6845903
14711133
10339884
6987959
11475702
9497553
13915715
12672539
14094573
5972502
5139572
14329708
5947437
6614643
4796156
7577669
5838971
3361566
4098629
7369205
7325859
4936949
5885633
5465119
7089459
5941458
7265078
7089135
9669208
8758274
12967080
8487081
12042011
9320469
8488748
8827713
9935661
8766341
10824908
9912680
8730316
6932795
9805894
9329214
10158444
8195547
9381421
5849179
7015292
12834807
5001652
4816351
5803237
10183472
11514496
4111012
4905782
4754970
5957927
7856238
13194278
8698367
8035294
6769202
10061700
12750789
13026818
5992324
6932967
6868200
6565880
7650922
8329381
8070261
7361236
7544679
6154875
6205226
6142381
5751433
5262145
14947612
14957677
4447596
7515240
4966037
4837234
6069976
6593561
4680736
11831993
12529395
9734122
24082017
28291874
22605768
13772653
16864990
20204950
17101207
11846522
6539790
12000799
11567097
9012806
8229297
7461300
7177118
13062945
14676197
13939103
8362698
9119995
7056268
8244141
10229064
8448565
7001254
10531767
18884884
23567836
18712772
15219434
19951560
18179207
19165545
20104883
26416299
56409071
21912193
20802575
38730712
26569423
20289978
52012135
26672318
25893143
24966096
12171214
14975264
21046390
21351516
26305527
6023941
22712863
11157013
13076364
8283570
23358091
12489913
12928002
16237897
13231455
11697737
9141819
9662117
8717798
7967667
10321157
19550448
8743238
14242716
15636107
11819642
24784804
14690304
12131580
17815259
9805728
11394111
17816252
8389502
12824608
8484133
46945630
249256797
15061628
11027143
12514247
6437803
9668179
7792800
7780814
7738633
10592148
12900266
16260212
14162869
18847571
16917084
16580795
14287873
19793487
18896918
17738547
22435507
18898757
10868073
13808185
16766790
23287487
10436395
10893671
16678166
14724150
9927700
16300997
28762872
19493110
25043409
24515865
23423240
18544658
18772789
15094648
14819993
20705831
12127663
19639451
18529750
16421479
15874346
20326253
30923052
28457322
22167701
25205186
25216207
27151465
24629881
19694028
22321424
63447728
95664753
164726118
102929453
73671995
81330327
83332251
65698311
57484629
19809168
25819931
12963399
12838201
50202617
43104570
48000400
19554407
25708042
13009290
9384061
14223823
11448885
12312593
16247142
8461985
9042522
9642153
13772188
13143915
17633856
19126917
21837436
23742519
22733826
27285600
23465542
22636896
19212155
18296636
20702894
23130729
28931829
25837232
19291898
18247584
18246943
29097984
20035227
19082947
32662012
21246063
22957808
25813549
20225358
25821257
22353996
111986425
101086924
112813350
33812383
22489286
17587638
21568201
19913954
18896420
17819634
16235920
26575084
48072712
28207564
37996132
34411005
29845661
32533393
36596628
28695683
33965913
22205021
12878535
11301124
9656810
19125628
15313069
15261504
14823661
8056731
5725780
8003542
12780739
15991149
10824907
11394326
9588864
15264928
12663165
18133093
12034622
11911067
12281497
8813315
10787710
9929067
9297438
11080018
10886453
11858740
24953659
28061159
11094241
8919947
8435723
9389019
8692135
9040378
11257504
7176699
6661009
5683302
6309827
7473168
7894255
6243884
16393602
6893201
6319990
7650035
8229096
6883519
5633773
6618538
9840905
6643405
6531748
10079239
7011026
5846815
10122637
10965190
7731902
8517414
10753563
19231222
8723093
47240226
12084952
6956128
9223337
11783282
13096390
43981232
8369262
8543222
13975762
31904204
9133888
10238652
9649994
5540256
6407437
12993454
8749304
10426271
8422279
8717628
7529062
8665122
8789840
17971625
9966203
14703922
18030089
36615488
17035663
22430384
13862778
17557150
16467257
24652042
43096732
23291232
13535831
8488896
8741325
8134249
10919554
13303331
8346478
12950172
11331573
9291070
11299957
11687034
16341956
13017081
9181802
9354808
10407881
10569019
11779325
18333924
15860602
29389564
24842516
20778574
17870428
33248031
37741577
34058009
101439041
137438798
98969035
248049593
65080568
265242280
96020913
61348912
62207114
70411826
112077764
66594696
79338723
75923322
64260344
67355545
72640870
98012710
68388698
91695098
72965419
103617235
64060433
72093664
54630992
68927211
41661548
21921170
21380147
19683608
20025560
21887381
29375378
21671794
29519948
32678185
38548056
29399456
23502303
26547453
26061045
22182581
33798858
27323222
15155473
16813947
7355345
11749894
13415230
15010085
22511213
31109893
35151210
35892452
29504628
38763128
31506322
20756033
18076858
56452306
69556092
28609654
17846053
19666727
18710150
17117202
19272409
17274456
29861496
42216631
84899026
59831434
23987399
53690817
25386721
18405440
25714432
25727083
20564808
27204116
82649935
81643082
88327076
30803143
36326947
47221864
51138954
40934454
23424047
24866712
24080872
23396092
18960808
18470485
11986017
19284252
21739100
32468819
23156721
21721563
19163674
16508802
23098569
16689131
14898517
17912531
15837322
18132502
19746237
17403310
19000005
20584411
28083397
20159074
17715547
13001501
18963390
15205096
20690462
23079373
16235462
17875499
23835471
20781547
15073756
12370604
14149585
12208580
13562426
11245639
12493662
17423234
19594411
19275855
15275166
16369624
16298312
12383757
9672040
13083447
8055753
16755774
20679363
20727397
18413684
17890512
16045443
16439345
25231628
25114336
20017170
23883311
20635987
16634616
15172676
13700048
16273254
16827870
16513224
16525185
18200686
17969852
21278496
20856990
14024578
16305915
14819046
13695670
5678365
8390906
10359530
10102781
20405659
14683574
13501224
6329768
24701257
12908540
9812095
5719594
6722323
6475623
4292503
9747822
6360362
5089053
5578893
6563593
8403035
20510799
14574741
21673389
23918032
27853738
18846043
22207999
20076508
23443778
21228319
23531464
28156909
18024410
19071265
15838220
12730033
22727899
23104667
30923037
30589315
24497979
25512840
20530516
14024278
24075079
25192545
31323409
29654888
40603576
23816855
37037253
36239846
26201899
14394038
14271819
11737629
20622403
15739978
21459770
26300114
23482394
32188586
32189825
20287524
15371692
24409332
28207627
15801122
15459537
13058625
18887861
21457882
28111341
11051517
17951925
8391556
19549263
16424419
8208742
9898130
9205022
34463560
11309510
6789619
4463733
9456166
10629684
14397826
16388001
8062291
14107746
13845381
11891978
5981442
9941159
6930560
9237449
10244597
20448191
24445328
22397011
65081080
26974217
15280265
19549298
7052184
11532561
12850578
11860266
12811066
8270462
8060196
9926821
36841134
147411026
98353125
52031055
181895898
72721472
6985581
4347409
5143287
4815999
16388137
12072951
9538702
16674442
46934545
51142025
38475179
26399360
15693982
16975095
7578598
15785363
8722929
17944275
12907225
20469314
17363449
10974831
11863975
7470466
9899334
11255992
12486490
17102741
10976864
6096401
7901730
15131830
129235045
155551683
123958571
141130966
8283533
8488802
103664066
80560578
10521024
11845068
61331176
98914342
46816782
11945586
27700954
20102710
25724631
33119149
31724162
129747697
168433474
109166037
136727728
101496113
130069747
155140968
101604603
54872799
86282708
95679194
97488300
106922853
182234085
161207768
143378474
11753719
4094923
10449139
8915422
13944538
5805962
7992294
6846346
4900729
6657027
7107660
6780770
6496543
8887721
13266335
7742260
6327553
8601275
9693212
7317835
9871056
9315939
6048585
4831142
4292239
4854300
3668023
3765810
5831719
3295001
4308711
3395100
4933396
3974085
4797215
6301768
7383920
5349949
8034672
6644041
18540917
3304056
2257114
4897171
4226121
4104603
4202080
2092550
2614261
3549406
3465481
5736295
2049828
2916219
3408536
3458667
2903331
2458217
2360258
2130423
1968249
1511746
1572844
1656579
1525820
1336022
2160810
2604177
3138945
1750706
3066289
2048373
1642625
1667579
1697365
1331597
2110925
5857063
3480115
4034280
6322359
3626339
4593591
2165700
2234203
1748886
1959700
1608809
1826686
2351181
2048222
3009042
2821894
2519560
2028498
1913276
4025220
1956779
2079829
1996233
2607375
1992107
2144557
2095577
1852593
2198935
2672320
3293199
112256221
1697486
3643236
3367291
4190927
1934767
2150490
2573151
5197107
5825482
16268277
8473029
2626995
8263256
3394158
7908295
2490369
7690249
158964860
74984835
3127868
4235334
4002781
2379477
2881688
2886862
2551555
5054201
1980175
2717507
2375643
2729940
4527974
2474378
4087368
7265899
4053775
5638981
6052548
3105059
2957220
4851070
4779328
12696432
9596258
5212310
6482615
4370899
6732208
7231617
8380559
6347778
13704069
15762545
5145122
6857939
7350404
14140909
7379073
12962114
7423774
11939134
14038748
22822410
11677470
4671688
7335798
6505301
7695584
9790306
23196556
28386247
9978604
12126077
15963487
21877630
16192289
10485429
10809880
60181154
28133459
26847060
19671166
12426846
14339968
26959892
64472855
31832290
79631148
58252460
19802055
60285897
81442148
72098791
51908840
28704693
31763038
55661833
78764394
49501605
24519478
66402173
37503408
53623319
18773743
12171876
21253930
35523299
20493313
26190177
23582468
17178218
22744767
23567120
25480660
8321993
15544278
18566888
9003927
7321669
8955747
15275518
104884660
151087596
36460694
16109607
23498101
8363252
7247088
8742757
11341625
11772536
12144979
8562720
117993321
11446819
10332935
11176262
6224450
7436166
12455330
8107477
10380541
8408451
8285836
4538683
8424150
4362107
4694333
7275296
7223220
10657503
13947423
19153774
24062923
13030205
48531546
177298651
184157769
117844732
86655641
133069883
136657538
110223980
150515392
166010054
205689457
102617625
180224155
181016908
99493246
169345142
197360127
180512053
169252762
129885496
88476614
116482383
141373286
96291854
89123856
215438744
156816851
136700207
81706055
98526371
157985681
129964668
178312769
13594742
9273768
9761868
10316069
60052401
9251279
13287571
12106573
11006456
7095861
7245591
7368847
22286889
16404834
8122417
6703947
4802271
6483821
3773066
6091624
6491082
4750587
7608407
10495407
10088651
5975814
3453017
7068863
4649295
4807330
7394127
2070305
2838596
2480582
1672345
6032765
2335995
4242531
3130559
2923258
3252428
3557656
2273721
1212296
1516183
2210885
5593955
1304480
983129
2058625
2809897
3746548
2438107
1518925
4043572
3423984
3916573
2089547
3331399
1934810
2854482
2511773
2279911
2468313
1928057
4010061
1195843
777144
1301051
1870313
1606087
2746801
729200
1270017
1139968
2264810
3404044
13843175
12126567
2653191
6276564
6959658
1959992
3703821
852352
2124264
1648485
2866077
3016706
3362673
938881
4276142
2588123
2039707
1194815
2185364
9770733
4098019
834765
1489244
3183569
2200282
4852988
2851402
3135366
4090409
2233863
6412783
17244859
23217173
12551727
2460593
3186876
4172821
2369037
4078964
5723333
9545729
4508578
4830744
3257734
3372308
9528449
5047066
6084835
2460820
1887371
1798589
2364539
2745745
2616161
2514009
3031443
5216038
3050362
4636771
6335320
5457670
6883831
4240034
4959747
5394728
5298476
9738653
6017830
9361658
9721144
8820054
7530667
5004924
4013805
9700662
4265187
13308746
13587299
2603251
6771095
2573186
14472376
9489529
13945671
16222525
32287732
5605621
4278783
3898016
40200918
39948225
30191548
3398127
6021872
4340285
9476894
9514103
10408697
18979847
5901935
30403542
9418115
13675693
18783682
26783988
25829269
26051487
18571140
34685532
53499771
61712641
50068770
22069646
4212063
10013581
8984778
13238538
12030595
26563074
21213495
26971379
38045112
39906266
37021327
41480065
15810218
17580362
21642865
23601564
30879403
35041104
29921226
83108975
39814160
36756356
45648273
29700300
48086156
47789499
64640260
43372001
52840553
71734422
79711667
47924996
49821063
59753990
27438246
23840190
23890922
24724111
25204270
31749362
44253841
58327786
54288524
27999897
21340630
25852250
43954943
29297485
25890131
30847311
24586652
31011905
16888002
19266787
44165852
15146774
19260307
42417076
14148730
19636586
19355460
15842828
98400937
36478372
13852976
10783626
48094917
80139824
97536331
93506872
69834450
48730550
46725692
35543309
31574274
33423353
41070751
27619555
22950223
31278676
50293661
40616440
16692597
23242701
17779316
28229617
20345509
33270225
28320109
17505402
17086209
12814672
19734094
19944486
34478877
34511369
15693642
36987647
58873009
32313946
36006076
26891374
24225311
23661745
23706661
18579437
23258634
19538093
18516430
16278981
26127154
30867589
19208738
35980626
19849538
25344387
15046022
22034409
19603480
23898160
14046793
21838084
16631513
19209689
20638795
16643266
17837816
17547832
16980874
11260137
17067867
19614766
22378481
28160045
22687842
14122395
8725199
12897780
9508208
7111955
55576396
7656788
75389896
4478948
8050444
4428504
2941118
1743663
2290129
2602032
2522282
5607178
17431832
5516213
19673389
45730863
1572160
1888321
2434466
1608399
1949663
2266775
2785557
1757532
2159303
1656651
4160482
1737210
2314426
1812666
2037996
1755344
1728100
1668275
1855675
1820588
1755264
1766722
2135612
1952241
1775369
1618658
1645962
2844246
3053878
3211347
1847731
3291913
3257569
2166525
3446772
1662298
3320255
1552816
1557074
1902718
1713146
1805030
2142024
1549550
2218450
1879162
2083227
1323803
2661097
2173482
2311300
5628625
7390121
1946819
2305728
2048676
1372745
2677560
2220842
2481930
1839347
2143010
2475355
15129694
6718848
11593069
12249627
17645047
15207436
17007231
10988957
13492165
12754305
12553446
13243483
14022420
10928281
4096671
18121370
5612084
2886041
2624848
3896003
11821706
5910575
16374940
11411486
7358070
6653778
4788102
5829608
6716638
10480852
9157592
7647689
11841529
28052090
14648043
19445331
18209149
30584765
91784404
115887971
54639390
9971134
6439631
71461551
10160528
5341477
3755511
2306254
2947887
56156903
64948940
43385869
39872299
1466228
3882348
8194227
5924908
3464746
3459198
4046759
2237901
3008700
3821656
4212499
19688163
21265377
8064842
9430893
10516671
17002587
11880151
7983683
8592309
7028477
3102566
11291549
14131674
33941094
17294227
4326823
2071965
3094688
3860640
3168452
5489206
4033560
2951783
6103881
9701956
6151228
5921634
6235757
6898629
7362064
6459055
5810531
6561605
5586151
3521640
5330855
6797162
6571419
8200845
7236474
8846973
7484576
9679101
13622094
12292540
9818767
11559545
19920252
30802522
16220713
22609299
15236942
12036733
18190364
13260823
18968323
16331922
54756189
27115362
16045825
9107073
9676104
8042601
10142361
6002089
7142937
7406468
6558587
6652939
11281146
7301499
6059115
8750401
8565243
7393878
15128012
14270957
32402038
57401694
48221723
46862872
26056039
16097408
17472358
14838026
15640370
3115831
5759670
3989665
3817978
2817793
2224422
5582857
4742704
5292763
2386679
2613634
5652597
6762435
2933607
7180897
7502168
6901289
5613495
10009253
5466346
11833326
12239687
10280028
6156894
6817030
15951919
44106666
49606889
26778625
44759101
37409178
45248579
38900180
3578213
3977748
29501532
5362373
1637603
2768466
7128395
2530667
1934339
1960948
10507492
7808934
4032475
2629431
3045195
1885426
2771556
2662782
5080444
3241369
2976354
2558711
2929222
6138665
3138278
4701834
5773687
2909487
2652896
2458712
2157777
2600175
1994749
7610074
3827492
2449207
2497078
2444679
3293144
2566739
2528846
3039745
2801823
5289069
2653061
3302417
2546214
3914452
2045719
4723954
2960225
3836130
15239276
25493630
7397859
2793769
4274695
5572100
29620063
6172468
4494251
3579949
5351201
3971997
7865290
2383458
2059848
2374565
1207094
1476491
1227649
1679899
1494259
1508464
1418459
3284279
4610011
1980475
2807339
1858457
3700462
2378101
1488950
1353781
1394470
3325714
1416278
1557133
1544122
3348864
2109276
3682620
5428642
3725474
2068326
1588402
1195385
1500917
4812599
3418799
4238587
2019747
2650120
18441784
1543155
1596387
1958861
1496485
4435645
3396089
5021258
1983799
2270056
3343321
3224798
3803082
7730546
2789139
5287554
5084990
3697859
7331258
39453520
4618592
4875394
3517445
6299394
5678960
2868430
2192307
2084666
6514195
2419201
2257183
2898282
3962929
3708018
4233666
5434404
3794719
1442832
1487187
2033630
7630452
6773049
4459382
6367653
3448418
4099730
4681052
2329187
2054536
45598358
66372830
38643091
46957048
8002657
22494391
39124300
1483855
2390176
2736578
4124919
2404030
2465525
2771263
2599138
3188716
4767208
3708939
2865040
2192819
2494525
2566176
4984951
3974302
4171970
2946490
3128585
3781093
3223491
2806811
2127067
3988903
3643136
5947388
3630189
2561829
8222370
7449720
3483824
3362385
4792976
6034382
6351231
7048790
10286148
11481253
11391964
9431181
7391666
10619769
11868604
12282151
13730235
6475054
2674792
3809914
6079412
2137373
5685282
6465152
3571597
2394323
3706329
3099944
17523701
11208879
5017980
3575017
6723359
6046365
9853482
10276026
8671159
2888043
2606349
4796671
2451086
5714357
5610176
4054301
2772699
1453085
1381878
4727245
3361432
2804133
2442400
2920283
2443818
3541808
9103104
23704537
3799099
5423032
6556104
2998619
1797857
3689151
6917403
5386793
2651773
5512117
2593871
1862803
3076626
6037523
5696041
3754326
2572702
1994312
2082466
2636475
2953891
1827311
2453977
2814587
2832574
3332010
6429700
4036813
6735774
15439458
14433970
19742930
15843853
17467622
17177856
14233673
18727366
13819501
14233143
16657383
13796841
13609604
13786484
14014033
19182034
14820120
20078956
17776352
15473090
21229830
15061266
13791670
16224031
20245864
53244080
45167307
2486513
2066421
6181660
4992027
6094716
3761130
2171867
3154066
2344464
4591668
2931874
1454166
2231745
5292812
2355800
6194788
5952824
6325171
3112820
1580018
10210391
9458116
9162513
11660790
8345108
11254030
6134496
8774585
10805480
13998009
11443068
24057709
10687589
10157715
9488519
9118132
7903587
3117724
3144753
2704811
4314847
2620094
2407341
2210573
1884012
4416304
7552968
2990675
2707704
2609423
4635387
17244230
3714909
18142797
8317656
9936721
1672969
2665035
2057558
2176813
1857293
4511414
13683878
12007836
9070847
3427397
2193642
5298715
3030328
2553143
2571286
2165739
2435950
2824722
2705022
2677562
2675049
2728418
2744559
2864522
2146074
3303295
7008158
4253207
4512011
6410561
3771195
4024095
6013078
6263617
4831120
5991425
3661822
5742186
4407505
4362351
6095448
5207025
4966990
10790901
6526456
4199293
4358651
5053808
4724676
10411193
7588349
6566745
4813561
6185120
10670373
4934769
6320900
3847048
6468928
5473369
6886500
6869233
10226221
7793172
10141505
7469942
7767733
6824150
10441666
6412184
14262838
17308070
8204505
9490990
7412951
6743051
4349827
10378384
4700194
6240006
16101164
20978145
7898493
23718859
7749178
11152671
53795767
24912522
5719065
5214354
16593317
13491030
11754725
7752234
11432054
8071156
4596348
5816990
6746450
19320494
19612648
19612985
8932695
27517707
14346704
5702376
6237880
3529762
5065950
5076481
8921805
7169113
5091233
4712470
6504537
5731771
9372925
7759121
10100211
9682191
7771091
6305976
4624124
5389765
16151896
13248648
5671564
5140998
6143782
13824235
5113612
9699331
4502960
3107206
6108621
10843137
4254651
10152151
9805161
50936080
140202743
22039152
5548492
62881876
18667490
6154203
16080889
27072973
19461719
56444815
4287730
4108167
6030677
5113972
6383586
6311809
5179677
4212465
7426882
8053263
9905821
16769436
9171692
36451237
5831554
7832804
5372184
8340742
6670795
5930642
5724704
4846203
8276138
6512484
6866781
4073208
2985976
2444139
41499829
34487170
5016876
4412862
4362948
6952450
43084155
4749297
9451920
4825390
5171782
3949437
4237100
3990514
3106080
3149362
3014718
4542495
7715421
5335581
4729103
4130853
3798370
6903511
6388701
4607419
2578818
3292254
4331281
4715190
15890660
8262918
4688629
4715436
10392976
7854811
5983525
4843032
3674494
7015843
14106075
5543363
8988881
6352055
3595171
3895392
2484596
2547285
4479750
5665287
5662218
5470401
2286359
2575807
2375794
3212473
2634727
9558077
6585123
8294917
49205456
15931776
9176288
6425352
10545456
32201843
11669486
112076078
6372754
5281025
22154835
18815200
1163175
14324171
23550449
1782550
5555662
3231664
3181845
4378062
3473116
4278180
2792916
3197497
2684903
266860583
138709587
1557509
1536548
1587810
2538275
3069358
2871547
1102550
53026754
206331777
2609260
135756009
4253480
60924322
28922305
21988189
3883229
4218060
16171367
144701954
183783541
79171224
80075756
75681407
5814231
1946030
2158892
4220277
1404780
2558277
1111299
2718289
11385159
7451291
1331767
1307395
1103855
1908158
1289780
1283120
1841624
1935304
1343534
1710141
1043566
1734154
4924928
3862211
3445879
2533878
4081824
7034186
4819307
3708191
5916874
3590249
3302939
3701996
3810286
5950218
8389662
3909761
5218313
5739460
6153078
2916786
2725722
2614828
2053344
3047056
18136284
25018296
98480412
17652877
16411059
105011272
23933768
39316253
26689480
18567385
19141425
13006235
13130488
12683583
14948543
16843157
17712230
16944855
14860505
19972182
28194232
325976269
416101892
192373394
18669372
60180579
121321028
105097212
52101717
22676426
43600569
124043651
31429580
10352609
31722879
29786375
17873161
15834910
13743362
37866499
21578761
123599002
158351419
154544477
167095664
145705691
67557539
15540694
93162697
160861228
20240863
55717472
172120988
51906747
63832842
154855766
77638112
19919199
14319392
16166217
29030068
24591917
24059432
16249068
14381724
16849326
19321931
21749930
26212911
24834203
26862045
28219997
25909741
29707314
29794680
25064257
36070240
36559279
28951992
26847104
20547584
26206461
44076788
76932012
107687810
155868554
85735269
52849637
41072041
39675621
50302201
65593873
45219814
43089959
43979907
46701955
46801112
47572543
59901598
56358720
53044889
56047545
71354292
49992972
30515270
33029695
31527094
35559845
45680720
88423273
89132152
75344408
64044435
53551698
50172690
45320921
50921384
55993371
48455658
60786429
48896741
54191626
51934659
52168883
56306509
61400335
59595565
64037491
62477795
64806734
61953269
67919534
88486703
62247597
77011187
55908000
48365754
57405442
54747642
57825655
57260733
66207468
66567330
49995087
48560672
60504026
88044524
66879099
81250875
93786687
100209299
113887618
34375271
33482742
34410408
35130888
28286598
21180591
29715385
34566979
36976047
28015189
27397351
23429173
21971575
18178281
23280955
23457075
13095793
10729600
6547493
15242950
45376439
46836047
39682269
19675378
10783883
12343533
30794192
45470589
42089625
47421769
25767976
10892695
8256982
17967760
12870845
13250870
21085411
19652620
15311252
16129181
13189242
11529857
11433511
10395235
8833228
6451449
3923021
4630861
8856181
15258140
13382131
10887893
13166051
17062363
16889574
30160290
29065775
16233304
11443766
9826041
11935721
12470284
16687782
13162497
9336765
198667305
322146537
94317137
9647119
9751163
15389219
11865198
7672391
7140550
12684817
14247389
16180335
13716547
6933017
15262361
15228590
11809211
12228350
13904763
13351600
8952222
5459886
6236178
9268089
8661111
13627200
9253623
5530170
6554684
5726710
5713847
6600208
6767940
6162593
9683855
7714165
7535735
8203499
8149252
7963074
7794740
11958936
14027392
14802862
17445594
9597963
14579218
20795009
15131319
12222091
11841151
13576617
11992430
17355328
11200114
6464494
11191226
11635192
12223565
12574409
15187378
12788792
25466762
21369155
17450039
24090867
23509972
13126344
11551168
4755554
8673906
7305533
32939827
6590804
13336873
15969231
7869865
5227769
5676078
3650903
5269587
5710179
7410165
7298219
24309956
16855717
8900285
9099992
15961370
13149728
16051127
8410349
13162303
6681023
8875930
7722407
11418640
11789525
63903267
104417663
165317375
26563255
11409917
44857435
22886896
21995575
43449007
11995080
11716046
14997862
11954805
15806663
10971221
10183309
60105280
36543529
6516754
26652346
10665779
9598007
12283499
16263748
17774524
10680132
12691750
13755502
30703737
9104482
9657615
20937899
11476432
10710711
20247244
10875394
15131281
8415043
8608868
7790442
10447742
9718613
11380931
10770703
16567158
12309427
10973172
11279631
13252773
9249293
10718880
12969866
10721777
8411127
4777823
5603596
3645279
9562600
7582191
6765412
9249903
6252151
4186404
6519611
7791401
12603334
5681220
4789659
5515034
4695028
6043543
16851661
10779013
10064292
5966944
6753615
8726576
12272202
8258940
7640209
46627946
10362678
17231084
30373302
16475700
22071522
16412335
11420427
13244235
9314284
5455232
10435392
8706348
7240192
8392418
7810961
7486481
7638205
9837354
15438828
14809208
12782384
12008451
19772050
17792551
13727806
13477193
11724819
25537131
23547077
26704042
18489354
15512281
29691014
15483256
13675721
10302870
15114456
19184534
13958865
20315105
42267259
34024850
16869418
46580934
60939720
60312370
49304816
66782789
81027191
105419492
63231497
60284671
60612761
45079144
40518338
36799895
29380662
48288973
70201641
87817882
77366905
86187714
98429154
93736782
86013223
89927059
80367295
88519367
84093456
104183995
99390237
75875611
88552921
104846289
97981598
78785262
95950027
104098160
86632958
96480982
91748863
84176334
74811043
90141553
73527303
71353501
89455328
89174945
85363309
78087831
96568781
85941783
49442061
52466652
56963308
50090126
43834011
47687815
46771775
62272440
45989174
43675615
41298212
47884434
50607442
49877987
47931921
36845996
48059627
49034287
38021291
43777544
40355056
40696813
9948512
11111942
7663562
17410895
11261484
9544335
8791798
8374163
9022888
7079136
6630679
6372593
9177175
7993935
24801763
14697510
14267520
13301096
12828229
12157053
3454403
3871951
4398334
7907185
8005154
6545824
5105557
4947268
4487475
4884939
8619996
7953765
5991476
6011682
8258037
6287794
4463039
8635265
8231250
12498671
12229935
13107482
7158246
10485214
12115123
8008775
10652227
4131622
10045048
9067254
6141506
6938688
5362131
5567831
4507995
6098408
5123058
5461934
3884444
6335432
4557682
13332771
4445842
5165625
9426737
8592595
8543461
9386022
11416699
5581238
5663651
8253762
7324560
6321133
8483152
8089147
7152396
5682558
4545208
6417257
4932938
8868363
9733709
7952273
12179931
13296385
11045825
15198110
18903308
11019278
13109117
9019975
19665875
9720579
17588982
9146943
6374772
9831747
7187859
8180477
6525039
8363049
8863066
11368544
12959457
25372506
12241776
17177774
14709764
7038870
20290417
24815177
21275355
16222472
38099340
36802255
19185957
6422398
11086495
11143735
10862795
11319292
18028064
50726615
22979747
32835999
20261817
19210004
24787605
22759018
22558122
25341345
46792500
68263239
29842812
8642077
11736095
10745441
12957954
11771552
11398517
14045886
7163001
9329053
10459534
10834333
9443473
19383877
18087196
18292936
14395502
16048507
12973048
11404144
9222403
9306623
7474947
10557950
12516498
20101078
16624866
17694453
9520413
20053367
15364774
11408302
14845365
27222227
14185488
11745153
14010906
11478660
20470041
19342734
8588023
8267147
12329128
26076498
12086811
16099641
18912573
14129372
14917798
12599363
11556447
12705021
9537353
9059778
16158077
7370433
10097740
15937739
21031269
13651915
11744689
14365641
14603964
18213141
16788292
11459138
9348980
15344409
22622191
14946828
15027414
14515124
13655886
15020381
14381083
31346891
226553586
245276311
88801786
15006407
14445570
10288338
10799578
8867837
13395167
12763221
23528611
14692506
13986540
10331290
20696557
22198303
16880571
26478945
22858067
23970359
21217970
19693353
23216428
15797888
21670076
17572429
18899944
17477267
25982797
20385245
16696823
24661745
21529197
32157562
30138631
39330058
27108566
27647387
26055003
18091007
20676640
8857987
16004647
12532796
11849675
13261104
16342836
21346693
20408687
16362651
16266943
13637437
14101096
13507354
8442013
13161213
11217668
10860546
11600729
11249450
23622471
18732652
15600607
19775372
21868426
20221197
25923003
48207751
22668515
20116500
19691874
13584999
13029419
13408367
16864368
26882405
22233659
20157866
9766432
10583385
12024787
11590806
14174075
15617139
15488568
15379741
12220340
11010490
11794890
13097708
12033916
11282382
16428855
19081531
15775510
17722374
15534196
16461063
13496679
13464096
14732137
14513460
13137483
10756255
13296715
16550028
16894382
16776120
14704657
15419749
14624857
10368861
8814883
10305590
9934219
10646889
17448710
11148190
11122651
12026348
9690645
11302305
10286012
10902669
11071464
11533315
11719791
11965554
11061299
6994085
10000175
9390891
10418784
11451238
10922239
12314696
14247205
13395419
13797203
13075648
13065817
10448798
8604042
8357139
11003279
9033448
23973868
12335238
14728664
17601005
12494602
17731551
15640209
13235016
19232704
40219908
14805244
10407942
8735393
13118978
9828967
12900523
13347202
11452461
11752380
14628559
29182103
15471377
16219147
12540945
14370383
16094762
17267093
15614996
18927724
16316115
14167456
14159867
19512455
24080100
20201447
19034182
19870455
17052128
18146828
30785534
19155420
16564022
14039816
12480661
15811822
16468431
14993858
18744289
20740927
40267118
22641149
19053659
16607614
15983475
15181944
12298832
13989597
16662430
37140238
44464625
17594090
18127416
17669751
16247909
43417989
20041419
10751083
18274442
20917833
19000993
16245680
21798425
15900443
25503890
13763651
15056949
14519737
20370203
21246821
47964460
37216100
10246359
18781152
20373899
15990503
30353291
16170482
13373101
15565743
15125504
17249806
27462258
27648604
16128683
19007679
19123421
20753755
21106759
20546186
22191065
20187243
16081256
21144355
17262968
23917188
20105762
17215295
17012795
15442040
18045238
14688241
10760365
15133515
28472920
19591459
30288732
34467513
31372687
27321444
27210338
19553980
16198503
27648446
24852605
18645945
19013741
20707645
21351076
20171676
25470361
35142894
35540806
14256084
15947202
22076932
22975257
11209145
17946715
12300194
20188198
16981889
8975180
12869437
14318130
16388834
16363114
10939980
7765761
10960485
14090949
9353137
15258805
16597376
12489371
13324374
10065725
11818860
22359630
18440995
42125873
16672215
13714712
18120690
14246341
16784432
12912516
14004894
13735611
12163375
13904562
14450307
14919687
16065597
17614059
26889308
39035474
18801389
16120607
22793701
11620837
10769121
11069657
8966289
17278386
15531394
10465504
12391141
13090079
26598224
16661838
23736117
21590034
16262779
17020390
17785543
15155067
14740214
9853170
12382756
17020000
24248069
11707091
12893956
11339685
20389020
15526626
12912396
10502360
13984898
10245443
10917030
11987299
9407858
11515552
11476041
12562203
15391399
13231734
10788031
9486140
11046082
20449998
17036497
23715548
20887938
16244258
7703691
8520362
7632999
11348665
7706967
6573292
9680158
11077901
10022444
10326049
7601373
7763377
6495376
6802607
10598610
14185735
6411181
6869374
4320916
3462649
6352322
6843716
6626663
5863847
3667771
5040373
6280789
8140900
9111034
14293257
12607801
9626876
9880802
17380340
12467164
8596065
7619247
10999276
8409400
7389209
29467695
35150371
24432610
9545389
10878741
12949324
12022243
9878123
20873643
36932700
39085817
46734172
37952258
28398255
13265885
9938511
11585431
34438522
27656342
29498109
32567583
29948852
18877632
8910754
20035012
11136179
10835972
11505652
8612482
5439946
4823835
5432587
10032159
18640441
8836533
5580593
4821289
5304748
10238392
8565625
8108608
9400537
5078467
5026037
7462651
7403640
8412531
7042940
7965351
9367272
16888965
36855820
41618235
15921203
13873316
12177950
12225306
15078141
14727445
18206271
15974303
16601290
19136943
20234015
34318219
40451412
39080015
36899452
49212922
43712451
28732358
30762617
29174966
24554706
23382995
38150606
32506959
36923452
45544656
30405381
30019248
30923933
26492943
22524458
17298628
18444882
17446192
20274771
17581224
18819710
13760622
9928790
14465436
16511707
16163721
17136501
13589210
11243223
10642817
14756865
14412681
9268325
8523547
11570943
12130009
14123420
15925855
19003102
20014978
23528009
24449565
34992222
37256571
37481632
33292178
26289444
25879035
21662602
23584428
29241965
26592110
23897467
24914885
35400649
29473882
31035200
29143915
33620700
37528197
39232939
38122677
40448534
39381732
40895979
50204573
41568053
40274433
30294229
29747725
38871104
30895227
30608366
35614543
35590321
32863802
34358253
24632883
19671188
31750349
24057959
22833111
21929469
18484018
20895498
22319832
29297884
32353428
46555216
50106678
41708602
39413236
37098531
40257871
32507180
34414515
39934128
47603514
93671614
54519739
53091071
27662461
77010054
37925348
24520862
34145935
33747140
39212939
32667578
54766922
57984680
45110367
42271866
41132701
50161216
47900596
34605980
41729865
45787662
48637060
46705471
50196481
45353704
45666966
41592776
43242334
29235603
32549358
36890493
32412816
35428230
32375295
42545911
43377082
39868921
37918022
41143735
48582999
50051450
51664597
36160902
30156305
25327965
25925795
19843466
22041449
18832399
20619606
20706644
17081973
14978510
12990145
18712194
15382583
19186537
18283993
30491095
28855357
31823798
26561364
32264525
35090814
35711667
34257958
29885805
30720674
36422228
35386792
33399316
26672994
24365179
20123676
19111516
18874674
27032817
28446779
23933693
26103952
30477762
30178405
32263302
23322117
15923552
14483363
10327151
7894871
7589129
11002067
7599640
8712212
13193163
9545056
9747542
12218863
15198001
10409193
9042338
14077739
14469575
11812678
10260122
15848575
8522134
16599251
12000447
8263148
12811756
11907558
11749238
15410544
11399986
16228115
15671768
15811178
18678825
15900201
13971011
5335625
11149988
11506923
10723735
13342281
13444860
14888859
10068367
15274061
16578587
14514833
16464376
13730552
13759247
13078718
15341905
17941426
20115643
19261949
18527003
16356753
19967258
18575749
15776601
14087105
11828658
15465072
17292334
16710807
17949131
16353162
19557180
19418333
16457512
20417111
21041296
19939219
20057695
28872947
23737299
16951480
20193910
20662483
18207842
19269711
21278899
28155820
24667460
21191566
22220760
20288849
26129637
22067832
32345707
31538179
37213440
40211599
44201119
37333879
40202387
31325183
27034301
26723125
20098664
20366797
24856516
23747301
42617157
22046320
19161856
19779802
14820420
18623710
17345149
15322122
25442624
25348506
19759902
28169808
30814232
18426798
20775428
24044848
22044965
25088217
23755940
27012983
26058509
29421814
29978782
29406641
21962006
23119173
24145251
23979452
31718077
24797838
24455570
12138626
25573783
24732659
28074475
31574333
27415988
26325894
25069213
24862479
23098040
20159386
23522957
21912769
21871755
31664755
38317454
33231861
32451324
29384152
36142312
28352877
22392543
34993800
51375931
39595182
41665575
30967699
22749482
20658194
37839639
34056024
23947629
24337500
25821696
23925564
15625450
23059472
21872752
18425019
11203884
14531934
16930049
11180406
45225898
13575248
11554902
12167976
13408142
15870818
17353719
13320822
20111806
17217384
17130586
17886802
22583498
23495688
20313920
15569500
14767169
12068896
27358888
23619676
22597748
24662569
44926058
30440066
19099798
18694606
16172427
17158134
19888754
23205764
24241521
27388985
21142820
19853412
22685546
17606091
19383656
16642519
